1423504410000 0.0161
1423590972000 0.0161
1423590972000 0.0161
1423677427000 0.0161
1423677427000 0.0161
1423763842000 0.0161
1423763842000 0.0161
1423850375000 0.0161
1423850375000 0.0161
1423936901000 0.0161
1423936901000 0.0161
1424023321000 0.0161
1424023321000 0.0161
1424109963000 0.0161
1424109963000 0.0161
1424196625000 0.0161
1424196625000 0.0161
1424283123000 0.0161
1424283123000 0.0161
1424369585000 0.0161
1424369585000 0.0161
1424456179000 0.0161
1424456179000 0.0161
1424542599000 0.0161
1424542599000 0.0161
1424629148000 0.0161
1424629148000 0.0161
1424715713000 0.0161
1424715713000 0.0161
1424802146000 0.0161
1424802146000 0.0161
1424888626000 0.0161
1424888626000 0.0161
1424975115000 0.0161
1424975115000 0.0161
1425061594000 0.0161
1425061594000 0.0161
1425148172000 0.0161
1425148172000 0.0161
1425234812000 0.0161
1425234812000 0.0161
1425321308000 0.0161
1425321308000 0.0161
1425407823000 0.0161
1425407823000 0.0161
1425494478000 0.0161
1425494478000 0.0161
1425581000000 0.0161
1425581000000 0.0161
1425667593000 0.0161
1425667593000 0.0161
1425754211000 0.0161
1425754211000 0.0161
1425840798000 0.0161
1425840798000 0.0161
1425927280000 0.0161
1425927280000 0.0161
1426013721000 0.0161
1426013721000 0.0161
1426100225000 0.0161
1426100225000 0.0161
1426186994000 0.0161
1426186994000 0.0161
1426273662000 0.0161
1426273662000 0.0161
1426360488000 0.0161
1426360488000 0.0161
1426447007000 0.0161
1426447007000 0.0161
1426533434000 0.0161
1426533434000 0.0161
1426619920000 0.0161
1426619920000 0.0161
1426706611000 0.0161
1426706611000 0.0161
1426793244000 0.0161
1426793244000 0.0161
1426879659000 0.0161
1426879659000 0.0161
1426966352000 0.0161
1426966352000 0.0161
1427052979000 0.0161
1427052979000 0.0161
1427139588000 0.0161
1427139588000 0.0161
1427226331000 0.0161
1427226331000 0.0161
1427313069000 0.0161
1427313069000 0.0161
1427399521000 0.0161
1427399521000 0.0161
1427486147000 0.0161
1427486147000 0.0161
1427572749000 0.0161
1427572749000 0.0161
1427659346000 0.0161
1427659346000 0.0161
1427745981000 0.0161
1427745981000 0.0161
1427832588000 0.0161
1427832588000 0.0161
1427919029000 0.0161
1427919029000 0.0161
1428005620000 0.0161
1428005620000 0.0161
1428092204000 0.0161
1428092204000 0.0161
1428178758000 0.0161
1428178758000 0.0161
1428265163000 0.0161
1428265163000 0.0161
1428351684000 0.0161
1428351684000 0.0161
1428438206000 0.0161
1428438206000 0.0161
1428524890000 0.0161
1428524890000 0.0161
1428611539000 0.0161
1428611539000 0.0161
1428698111000 0.0161
1428698111000 0.0161
1428784671000 0.0161
1428784671000 0.0161
1428871101000 0.0161
1428871101000 0.0161
1428957551000 0.0161
1428957551000 0.0161
1429044012000 0.0161
1429044012000 0.0161
1429130429000 0.0161
1429130429000 0.0161
1429217034000 0.0161
1429217034000 0.0161
1429303617000 0.0161
1429329386000 0.02
1429329720000 0.0161
1429329720000 0.0161
1429416254000 0.0161
1429416254000 0.0161
1429502935000 0.0161
1429502935000 0.0161
1429532464000 0.0162
1429532829000 0.0161
1429533187000 0.0162
1429533544000 0.0161
1429533899000 0.0166
1429534254000 0.0163
1429534601000 0.0165
1429534970000 0.1
1429535347000 0.13
1429536081000 0.0167
1429536437000 0.0176
1429536800000 0.58
1429539752000 0.0173
1429540115000 0.0164
1429540493000 0.0163
1429540869000 0.0162
1429541233000 0.02
1429541597000 0.0165
1429541984000 0.0167
1429542407000 0.0183
1429542807000 0.0164
1429543179000 0.0162
1429543570000 0.58
1429545082000 0.017
1429545472000 0.0168
1429545858000 0.0161
1429546308000 0.0222
1429546702000 0.0189
1429547083000 0.0167
1429547469000 0.017
1429547862000 0.0161
1429548650000 0.0164
1429549470000 0.0161
1429549880000 0.0162
1429550272000 0.0161
1429550677000 0.0162
1429551076000 0.0161
1429551076000 0.0161
1429616146000 0.0162
1429616853000 0.0161
1429617551000 0.0162
1429617935000 0.0161
1429618667000 0.0162
1429619023000 0.0163
1429619385000 0.0164
1429619766000 0.0163
1429620143000 0.0162
1429620509000 0.0161
1429621254000 0.0162
1429622040000 0.0164
1429622434000 0.0165
1429622833000 0.0162
1429623210000 0.0163
1429623591000 0.0168
1429623989000 0.0162
1429624385000 0.0166
1429624764000 0.0161
1429625152000 0.0162
1429625916000 0.0161
1429626670000 0.0162
1429627451000 0.0161
1429645813000 0.0162
1429646966000 0.0161
1429648148000 0.0162
1429648927000 0.0161
1429650082000 0.0162
1429650503000 0.0161
1429651669000 0.0162
1429652054000 0.0161
1429652434000 0.0162
1429653560000 0.0161
1429654717000 0.0162
1429655041000 0.0161
1429661852000 0.0162
1429662546000 0.0161
1429662943000 0.0162
1429663679000 0.0161
1429664060000 0.0163
1429664436000 0.0161
1429665223000 0.0162
1429665616000 0.0161
1429666023000 0.0162
1429669113000 0.0165
1429670302000 0.0162
1429670653000 0.0164
1429671015000 0.0163
1429672156000 0.0162
1429672904000 0.0161
1429673261000 0.0162
1429674721000 0.0161
1429674721000 0.0161
1429684642000 0.0162
1429685717000 0.0161
1429686075000 0.0162
1429687204000 0.0161
1429689808000 0.0162
1429690197000 0.0161
1429690932000 0.0162
1429691302000 0.0161
1429693500000 0.0162
1429694989000 0.0163
1429695359000 0.0162
1429695722000 0.0161
1429696071000 0.0163
1429696434000 0.0162
1429696792000 0.0165
1429697173000 0.0167
1429697535000 0.0162
1429697894000 0.0166
1429698260000 0.017
1429698619000 0.0175
1429698990000 0.017
1429699346000 0.0171
1429699718000 0.0182
1429700077000 0.0181
1429700438000 0.0199
1429700836000 0.0186
1429701209000 0.0176
1429701573000 0.0165
1429701945000 0.0164
1429702319000 0.0162
1429702680000 0.02
1429703056000 0.0204
1429703423000 0.0169
1429703788000 0.0163
1429704156000 0.0167
1429704527000 0.02
1429705274000 0.58
1429705659000 0.0165
1429706012000 0.1451
1429706758000 0.0419
1429707126000 0.0177
1429707492000 0.0162
1429707853000 0.0163
1429708234000 0.0164
1429708606000 0.58
1429709372000 0.0173
1429709755000 0.0172
1429710124000 0.0166
1429710490000 0.58
1429710857000 0.0209
1429711226000 0.0164
1429711626000 0.0162
1429712017000 0.0161
1429712398000 0.0162
1429712792000 0.0166
1429713176000 0.017
1429713554000 0.0161
1429713942000 0.0162
1429714336000 0.0161
1429715130000 0.0162
1429715914000 0.0171
1429716303000 0.0164
1429716712000 0.0166
1429717028000 0.0178
1429717325000 0.0177
1429717719000 0.017
1429718106000 0.0168
1429718504000 0.0162
1429719306000 0.0167
1429719708000 0.0165
1429720113000 0.0161
1429720511000 0.0162
1429720907000 0.0163
1429722081000 0.0161
1429723663000 0.0162
1429724801000 0.0161
1429725578000 0.0162
1429725960000 0.0161
1429726346000 0.0162
1429726737000 0.0163
1429727514000 0.0161
1429729888000 0.0162
1429730278000 0.0161
1429731709000 0.0162
1429732068000 0.0163
1429732427000 0.0162
1429732801000 0.0163
1429735459000 0.0161
1429735847000 0.0162
1429736236000 0.0164
1429737057000 0.0161
1429738232000 0.0163
1429739034000 0.0161
1429739436000 0.0162
1429739843000 0.0161
1429740256000 0.0163
1429740647000 0.0162
1429741030000 0.0165
1429741416000 0.0161
1429741782000 0.0164
1429742116000 0.0161
1429742824000 0.0162
1429743193000 0.0161
1429745018000 0.0162
1429745373000 0.0161
1429746094000 0.0162
1429746766000 0.0161
1429747900000 0.0163
1429748326000 0.0164
1429748723000 0.0161
1429749111000 0.0164
1429749511000 0.0165
1429750336000 0.0164
1429750729000 0.0162
1429751532000 0.0163
1429751942000 0.0162
1429752337000 0.0163
1429753897000 0.0162
1429755075000 0.0163
1429755462000 0.0161
1429757393000 0.0162
1429758116000 0.0161
1429759981000 0.0162
1429760360000 0.0161
1429768321000 0.0162
1429769071000 0.0161
1429769437000 0.0162
1429769811000 0.0161
1429770186000 0.0162
1429770563000 0.0161
1429770944000 0.0162
1429770944000 0.0162
1429772004000 0.0161
1429772359000 0.0162
1429773080000 0.017
1429773431000 0.0161
1429775205000 0.0171
1429775562000 0.0161
1429775914000 0.0168
1429776279000 0.0176
1429776639000 0.0163
1429777006000 0.0162
1429777376000 0.0161
1429778472000 0.0163
1429779172000 0.0162
1429779528000 0.0163
1429779901000 0.0161
1429780280000 0.0164
1429780643000 0.0165
1429781011000 0.0161
1429781367000 0.0162
1429781741000 0.0161
1429782097000 0.0162
1429782463000 0.1451
1429782818000 0.0163
1429783546000 0.0166
1429784298000 0.1451
1429785013000 0.0247
1429785376000 0.1451
1429786087000 0.58
1429787917000 0.0185
1429788286000 0.58
1429802478000 0.02
1429802879000 0.58
1429806327000 0.0174
1429806734000 0.58
1429807895000 0.0419
1429808277000 0.58
1429808670000 0.0209
1429809054000 0.58
1429809438000 0.0164
1429809822000 0.58
1429811323000 0.0163
1429811699000 0.0222
1429812093000 0.58
1429812884000 0.0173
1429813281000 0.58
1429814482000 0.0222
1429814868000 0.58
1429816041000 0.0167
1429816423000 0.58
1429817211000 0.1451
1429818375000 0.12
1429818777000 0.1451
1429821525000 0.02
1429821910000 0.1451
1429822305000 0.0184
1429822694000 0.1451
1429825294000 0.0162
1429826771000 0.0375
1429827122000 0.1451
1429827482000 0.0162
1429828643000 0.02
1429829862000 0.0171
1429830251000 0.0162
1429830629000 0.0161
1429830629000 0.0161
1429906811000 0.1451
1429910201000 0.0161
1429910959000 0.1451
1429929345000 0.0247
1429929706000 0.1451
1429930459000 0.0184
1429930813000 0.1451
1429931189000 0.0188
1429931576000 0.02
1429931967000 0.1451
1429932691000 0.0375
1429933052000 0.018
1429933411000 0.029
1429933787000 0.059
1429934137000 0.029
1429934503000 0.1451
1429934503000 0.1451
1430021242000 0.1451
1430021242000 0.1451
1430107875000 0.1451
1430107875000 0.1451
1430194359000 0.1451
1430194359000 0.1451
1430280886000 0.1451
1430280886000 0.1451
1430367542000 0.1451
1430367542000 0.1451
1430454006000 0.1451
1430454006000 0.1451
1430540457000 0.1451
1430540457000 0.1451
1430626995000 0.1451
1430626995000 0.1451
1430713575000 0.1451
1430713575000 0.1451
1430800265000 0.1451
1430800265000 0.1451
1430886838000 0.1451
1430886838000 0.1451
1430973309000 0.1451
1430973309000 0.1451
1431060045000 0.1451
1431060045000 0.1451
1431146665000 0.1451
1431146665000 0.1451
1431233319000 0.1451
1431233319000 0.1451
1431319838000 0.1451
