1423519687000 0.0161
1423559801000 0.016
1423560049000 0.0161
1423630743000 0.016
1423630994000 0.0161
1423630994000 0.0161
1423710508000 0.016
1423710760000 0.0161
1423710760000 0.0161
1423797361000 0.0161
1423797361000 0.0161
1423883794000 0.0161
1423883794000 0.0161
1423970409000 0.0161
1423970409000 0.0161
1424056906000 0.0161
1424056906000 0.0161
1424126867000 0.016
1424127110000 0.0161
1424127110000 0.0161
1424213731000 0.0161
1424213731000 0.0161
1424300329000 0.0161
1424300329000 0.0161
1424386907000 0.0161
1424386907000 0.0161
1424473393000 0.0161
1424473393000 0.0161
1424559854000 0.0161
1424559854000 0.0161
1424646479000 0.0161
1424646479000 0.0161
1424732906000 0.0161
1424732906000 0.0161
1424819509000 0.0161
1424819509000 0.0161
1424906163000 0.0161
1424906163000 0.0161
1424992631000 0.0161
1424992631000 0.0161
1425079094000 0.0161
1425079094000 0.0161
1425165504000 0.0161
1425165504000 0.0161
1425252018000 0.0161
1425252018000 0.0161
1425338634000 0.0161
1425338634000 0.0161
1425425329000 0.0161
1425425329000 0.0161
1425511950000 0.0161
1425511950000 0.0161
1425598586000 0.0161
1425598586000 0.0161
1425685054000 0.0161
1425685054000 0.0161
1425771720000 0.0161
1425771720000 0.0161
1425858329000 0.0161
1425944765000 0.0161
1425944765000 0.0161
1426031470000 0.0161
1426031470000 0.0161
1426118060000 0.0161
1426118060000 0.0161
1426204742000 0.0161
1426204742000 0.0161
1426291317000 0.0161
1426291317000 0.0161
1426378067000 0.0161
1426378067000 0.0161
1426464650000 0.0161
1426467572000 0.017
1426468432000 0.0161
1426468432000 0.0161
1426555132000 0.0161
1426555132000 0.0161
1426641731000 0.0161
1426641731000 0.0161
1426728183000 0.0161
1426728183000 0.0161
1426814675000 0.0161
1426814675000 0.0161
1426901173000 0.0161
1426901173000 0.0161
1426987590000 0.0161
1426987590000 0.0161
1427074185000 0.0161
1427074185000 0.0161
1427160842000 0.0161
1427160842000 0.0161
1427247501000 0.0161
1427247501000 0.0161
1427334187000 0.0161
1427334187000 0.0161
1427388058000 0.02
1427388424000 0.0161
1427389040000 0.02
1427389358000 0.0161
1427389358000 0.0161
1427476103000 0.0161
1427513661000 0.02
1427514039000 0.0161
1427514039000 0.0161
1427600694000 0.0161
1427600694000 0.0161
1427687312000 0.0161
1427687312000 0.0161
1427773839000 0.0161
1427773839000 0.0161
1427860286000 0.0161
1427860286000 0.0161
1427898473000 0.018
1427898844000 0.0161
1427930016000 0.018
1427930383000 0.0161
1427933851000 0.018
1427934586000 0.0161
1427935272000 0.018
1427935635000 0.0161
1427935635000 0.0161
1428022144000 0.0161
1428022144000 0.0161
1428089269000 0.02
1428089627000 0.0161
1428089627000 0.0161
1428176275000 0.0161
1428176275000 0.0161
1428262758000 0.0161
1428262758000 0.0161
1428349487000 0.0161
1428349487000 0.0161
1428436188000 0.0161
1428436188000 0.0161
1428522772000 0.0161
1428522772000 0.0161
1428609249000 0.0161
1428609249000 0.0161
1428695873000 0.0161
1428695873000 0.0161
1428782383000 0.0161
1428782383000 0.0161
1428868842000 0.0161
1428868842000 0.0161
1428955514000 0.0161
1428955514000 0.0161
1429042167000 0.0161
1429042167000 0.0161
1429128594000 0.0161
1429128594000 0.0161
1429215174000 0.0161
1429215174000 0.0161
1429280099000 0.0251
1429280446000 0.0161
1429288730000 0.0251
1429289094000 0.0161
1429293688000 0.0251
1429293999000 0.0161
1429293999000 0.0161
1429380495000 0.0161
1429380495000 0.0161
1429467068000 0.0161
1429467068000 0.0161
1429553750000 0.0161
1429590835000 0.0251
1429591216000 0.0161
1429591216000 0.0161
1429610936000 0.025
1429611297000 0.0161
1429611297000 0.0161
1429697788000 0.0161
1429697788000 0.0161
1429784554000 0.0161
1429784554000 0.0161
1429871073000 0.0161
1429871073000 0.0161
1429957683000 0.0161
1430007853000 0.0162
1430008223000 0.0163
1430008595000 0.0174
1430008961000 0.0172
1430009344000 0.0173
1430010069000 0.0187
1430010432000 0.0204
1430010836000 0.0202
1430011200000 0.0173
1430011575000 0.0166
1430011936000 0.0169
1430012295000 0.0166
1430012646000 0.0165
1430013003000 0.0166
1430013360000 0.0165
1430013726000 0.0166
1430014086000 0.0167
1430014796000 0.0166
1430015150000 0.0165
1430016186000 0.0164
1430016581000 0.0165
1430019042000 0.0164
1430019402000 0.0165
1430020099000 0.0162
1430020099000 0.0162
1430030376000 0.0161
1430031088000 0.0162
1430031433000 0.0161
1430032151000 0.0162
1430032512000 0.0161
1430065138000 0.0162
1430065847000 0.0161
1430066207000 0.0162
1430068046000 0.0163
1430068415000 0.0162
1430070949000 0.0161
1430071308000 0.0162
1430075364000 0.0161
1430075726000 0.0162
1430076470000 0.0161
1430077539000 0.0162
1430078269000 0.0161
1430078626000 0.0162
1430079365000 0.0161
1430081476000 0.0162
1430082191000 0.0164
1430082564000 0.0166
1430082924000 0.0164
1430083278000 0.0163
1430083640000 0.0162
1430084726000 0.0163
1430085428000 0.0162
1430089681000 0.0161
1430090030000 0.0162
1430090392000 0.0161
1430091094000 0.0162
1430091452000 0.0161
1430091829000 0.0162
1430092550000 0.0163
1430092902000 0.0162
1430093268000 0.0165
1430093638000 0.0163
1430094029000 0.0165
1430094401000 0.0166
1430095936000 0.0165
1430096295000 0.0164
1430097047000 0.0163
1430097453000 0.0162
1430097829000 0.0163
1430098203000 0.0162
1430099293000 0.0163
1430099665000 0.0162
1430100025000 0.0163
1430100391000 0.0164
1430101135000 0.0165
1430101501000 0.0164
1430101885000 0.0163
1430102254000 0.0165
1430102668000 0.0164
1430104530000 0.0163
1430104901000 0.0162
1430105256000 0.0163
1430105619000 0.0162
1430105994000 0.0163
1430106348000 0.0162
1430107412000 0.0163
1430108131000 0.0164
1430108497000 0.0165
1430108855000 0.0164
1430109561000 0.0165
1430110278000 0.0164
1430110627000 0.0163
1430110988000 0.0165
1430111367000 0.0164
1430111741000 0.0162
1430111741000 0.0162
1430116828000 0.0161
1430118227000 0.0162
1430119996000 0.0163
1430122490000 0.0162
1430123896000 0.0161
1430124972000 0.0162
1430125694000 0.0161
1430126765000 0.0162
1430127485000 0.0163
1430128202000 0.0164
1430129303000 0.0163
1430129669000 0.0166
1430130047000 0.0165
1430130411000 0.0164
1430130774000 0.0165
1430131499000 0.0163
1430132203000 0.0162
1430132561000 0.0163
1430132945000 0.0164
1430133316000 0.0162
1430133686000 0.0163
1430134436000 0.0162
1430135145000 0.0163
1430135508000 0.0165
1430136235000 0.017
1430136610000 0.0187
1430136980000 0.0179
1430137373000 0.0175
1430137739000 0.0167
1430138097000 0.0176
1430138477000 0.0171
1430139221000 0.0167
1430139587000 0.0166
1430140361000 0.0167
1430140745000 0.0162
1430142966000 0.0163
1430144438000 0.0162
1430144820000 0.0165
1430145588000 0.0172
1430146010000 0.0174
1430146397000 0.0173
1430147150000 0.0174
1430147523000 0.035
1430147908000 0.0261
1430148296000 0.0189
1430148670000 0.0199
1430149044000 0.0266
1430149418000 0.0173
1430149804000 0.0219
1430150178000 0.0202
1430150551000 0.0226
1430150927000 0.0207
1430151304000 0.0182
1430151697000 0.0177
1430152072000 0.0167
1430152460000 0.0166
1430152835000 0.0164
1430153208000 0.0163
1430153583000 0.0165
1430153954000 0.0164
1430154361000 0.0171
1430155532000 0.0163
1430155909000 0.0168
1430156293000 0.0179
1430156683000 0.0174
1430157064000 0.24
1430157438000 0.0172
1430157819000 0.0189
1430158217000 0.0165
1430158599000 0.017
1430158981000 0.0183
1430159361000 0.0173
1430159745000 0.0174
1430160144000 0.0173
1430160525000 0.0166
1430160920000 0.0172
1430161289000 0.0173
1430162072000 0.0175
1430162470000 0.0174
1430162861000 0.0169
1430163243000 0.017
1430164046000 0.0171
1430164801000 0.0177
1430165190000 0.0187
1430165575000 0.0176
1430165956000 0.0172
1430166352000 0.0187
1430166750000 0.0172
1430167165000 0.0173
1430167974000 0.0174
1430168364000 0.0175
1430168779000 0.0193
1430169194000 0.0183
1430169616000 0.0575
1430170021000 0.0184
1430170427000 0.0161
1430172263000 0.0162
1430172648000 0.0161
1430172648000 0.0161
1430231327000 0.0162
1430233800000 0.0163
1430235051000 0.0162
1430235459000 0.0161
1430243522000 0.0162
1430247767000 0.0161
1430248199000 0.0162
1430253581000 0.0163
1430254797000 0.0161
1430255231000 0.0162
1430256064000 0.0161
1430256867000 0.0162
1430260057000 0.0161
1430260454000 0.0162
1430263560000 0.0161
1430263931000 0.0162
1430266607000 0.0163
1430267018000 0.0162
1430268601000 0.0161
1430271352000 0.0162
1430271727000 0.0161
1430271727000 0.0161
1430309186000 0.0162
1430317989000 0.0163
1430318778000 0.0162
1430319149000 0.0163
1430321118000 0.0162
1430323477000 0.0163
1430323869000 0.0162
1430327526000 0.0161
1430327949000 0.0162
1430328750000 0.0161
1430334105000 0.0162
1430334525000 0.0161
1430343480000 0.0162
1430345832000 0.0163
1430346234000 0.0162
1430346629000 0.0163
1430347011000 0.0162
1430347410000 0.0163
1430347800000 0.0162
1430349329000 0.0161
1430352491000 0.0162
1430352897000 0.0163
1430353324000 0.0162
1430354144000 0.0163
1430354588000 0.0164
1430355012000 0.0165
1430355410000 0.0166
1430355803000 0.0164
1430357047000 0.0163
1430360452000 0.0164
1430361789000 0.0163
1430362428000 0.0162
1430364226000 0.0161
1430373464000 0.0162
1430373797000 0.0163
1430374789000 0.0165
1430374789000 0.0165
1430376623000 0.0167
1430376968000 0.0165
1430377317000 0.0162
1430377762000 0.0161
1430378204000 0.0162
1430378651000 0.0161
1430396658000 0.0162
1430397838000 0.0161
1430398249000 0.0162
1430399300000 0.0161
1430400661000 0.0162
1430402362000 0.0163
1430403426000 0.0162
1430403779000 0.0163
1430404127000 0.0162
1430404467000 0.0163
1430404821000 0.0165
1430405174000 0.0166
1430405510000 0.0167
1430405848000 0.0169
1430406178000 0.0168
1430406522000 0.0165
1430406854000 0.0168
1430407211000 0.0165
1430407553000 0.0166
1430407887000 0.0164
1430408242000 0.0167
1430408599000 0.0163
1430410352000 0.0162
1430410727000 0.0163
1430411079000 0.0164
1430411766000 0.0162
1430412111000 0.0164
1430412472000 0.0163
1430413541000 0.0172
1430413881000 0.0165
1430414231000 0.0169
1430414585000 0.0164
1430414932000 0.0163
1430415638000 0.0162
1430415982000 0.0163
1430416326000 0.0164
1430416665000 0.0163
1430417009000 0.0164
1430417738000 0.0162
1430418458000 0.0161
1430419153000 0.0162
1430419651000 0.0161
1430422479000 0.0162
1430423305000 0.0161
1430424131000 0.0162
1430424542000 0.0164
1430424960000 0.0163
1430426228000 0.0164
1430426641000 0.0162
1430427040000 0.0166
1430427438000 0.0164
1430427862000 0.0163
1430428247000 0.0164
1430428650000 0.0163
1430429064000 0.0164
1430429469000 0.0167
1430429855000 0.0166
1430430630000 0.0165
1430431782000 0.0164
1430432957000 0.0163
1430434103000 0.0164
1430434485000 0.0163
1430435633000 0.0162
1430436433000 0.0163
1430436820000 0.0162
1430437597000 0.0164
1430437978000 0.0165
1430438372000 0.0167
1430438774000 0.0165
1430439638000 0.0168
1430440037000 0.0165
1430442094000 0.0164
1430443307000 0.0165
1430444120000 0.0164
1430444514000 0.0165
1430444892000 0.0164
1430445291000 0.0166
1430445685000 0.0165
1430446081000 0.0166
1430446482000 0.0165
1430446889000 0.0164
1430447321000 0.0165
1430447717000 0.0166
1430448496000 0.0163
1430449656000 0.0161
1430449656000 0.0161
1430486303000 0.0162
1430490127000 0.0161
1430490580000 0.0162
1430494351000 0.0161
1430498616000 0.0162
1430500039000 0.0161
1430501913000 0.0162
1430503283000 0.0161
1430505119000 0.0162
1430505574000 0.0161
1430510661000 0.0162
1430512947000 0.0163
1430514807000 0.0162
1430518090000 0.0163
1430518977000 0.0164
1430519863000 0.0163
1430520784000 0.0162
1430522120000 0.0161
1430522557000 0.0162
1430522985000 0.0161
1430524322000 0.0163
1430525169000 0.0162
1430526084000 0.0164
1430526532000 0.0165
1430527473000 0.0164
1430528393000 0.0162
1430530705000 0.0161
1430530705000 0.0161
1430577250000 0.0163
1430581165000 0.0161
1430612174000 0.0162
1430617246000 0.0161
1430618099000 0.0162
1430618532000 0.0161
1430619436000 0.0162
1430619868000 0.0161
1430620292000 0.0162
1430621603000 0.0161
1430621603000 0.0161
1430637241000 0.0162
1430639792000 0.0161
1430640222000 0.0162
1430640664000 0.0161
1430662961000 0.0162
1430663399000 0.0164
1430663822000 0.0162
1430666856000 0.0161
1430688295000 0.0162
1430689119000 0.0161
1430689555000 0.0162
1430691638000 0.0161
1430698864000 0.0162
1430709488000 0.0161
1430718720000 0.0162
1430718720000 0.0162
1430723154000 0.0161
1430726645000 0.0162
1430728856000 0.0163
1430732430000 0.0162
1430733697000 0.0163
1430737655000 0.0162
1430739054000 0.0164
1430739504000 0.0163
1430739925000 0.0164
1430740785000 0.0163
1430741228000 0.0164
1430741648000 0.0167
1430742545000 0.0163
1430742977000 0.0164
1430743400000 0.0163
1430743829000 0.0164
1430744269000 0.0165
1430744693000 0.0166
1430745130000 0.0168
1430745575000 0.0165
1430746036000 0.0164
1430746472000 0.0166
1430747764000 0.0164
1430748205000 0.0168
1430748662000 0.0169
1430749123000 0.0168
1430749588000 0.0166
1430750489000 0.0167
1430750937000 0.0173
1430751413000 0.0169
1430751855000 0.0166
1430752307000 0.0165
1430752750000 0.0164
1430753679000 0.0168
1430754166000 0.0165
1430754627000 0.0166
1430755090000 0.0164
1430755542000 0.017
1430756018000 0.0168
1430756498000 0.0165
1430756964000 0.0171
1430757415000 0.0178
1430757871000 0.0167
1430758337000 0.0166
1430758795000 0.0164
1430759282000 0.0168
1430759769000 0.0165
1430760285000 0.0167
1430760760000 0.0165
1430761256000 0.0164
1430761750000 0.0162
1430763203000 0.0163
1430763680000 0.0162
1430764639000 0.0163
1430765105000 0.0162
1430767044000 0.0161
1430767995000 0.0162
1430769400000 0.0161
1430770330000 0.0162
1430771689000 0.0163
1430774042000 0.0165
1430774538000 0.0164
1430774997000 0.0165
1430775480000 0.0166
1430775954000 0.0172
1430776422000 0.0167
1430776889000 0.0164
1430777357000 0.0165
1430777832000 0.0164
1430778730000 0.0163
1430781955000 0.0162
1430782412000 0.0164
1430782863000 0.0165
1430783317000 0.0164
1430783762000 0.0163
1430784206000 0.0164
1430785179000 0.0174
1430785654000 0.0188
1430786155000 0.0176
1430786647000 0.0169
1430787146000 0.0184
1430787611000 0.0296
1430788098000 0.0171
1430788603000 0.0166
1430790087000 0.0167
1430790577000 0.0166
1430791054000 0.017
1430791530000 0.0172
1430792025000 0.0263
1430792521000 0.0165
1430793479000 0.0166
1430793960000 0.0165
1430794479000 0.0164
1430794907000 0.0163
1430795877000 0.0164
1430796359000 0.0162
1430796842000 0.0163
1430798279000 0.0164
1430798751000 0.0165
1430800133000 0.0164
1430800594000 0.0165
1430801057000 0.0163
1430801522000 0.0164
1430802465000 0.0165
1430802945000 0.0164
1430803869000 0.0162
1430805295000 0.0161
1430806776000 0.0162
1430806776000 0.0162
1430808280000 0.0161
1430809760000 0.0162
1430810722000 0.0161
1430813545000 0.0162
1430817315000 0.0161
1430818236000 0.0163
1430821054000 0.0162
1430821537000 0.0163
1430822501000 0.0162
1430826867000 0.0163
1430827328000 0.0162
1430827836000 0.0163
1430828301000 0.0164
1430828790000 0.0162
1430831240000 0.0163
1430831742000 0.0162
1430832257000 0.0163
1430832750000 0.0164
1430833260000 0.0163
1430833768000 0.0168
1430834275000 0.0167
1430834790000 0.0162
1430836336000 0.0161
1430837337000 0.0163
1430837867000 0.0162
1430838909000 0.0161
1430840951000 0.0162
1430843472000 0.0164
1430843971000 0.0179
1430844487000 0.0166
1430845039000 0.0164
1430845546000 0.0163
1430846074000 0.0162
1430846590000 0.0163
1430847107000 0.0165
1430847620000 0.0162
1430848135000 0.0161
1430860211000 0.0162
1430860722000 0.0161
1430862804000 0.0162
1430864879000 0.0163
1430865392000 0.0164
1430865901000 0.0163
1430866417000 0.0162
1430867428000 0.0161
1430868984000 0.0162
1430871505000 0.0163
1430872032000 0.0162
1430872570000 0.0163
1430875251000 0.0162
1430876328000 0.0164
1430876832000 0.0163
1430877342000 0.0165
1430877830000 0.0163
1430878319000 0.0162
1430878825000 0.0163
1430879336000 0.0165
1430879865000 0.0192
1430880366000 0.0172
1430880897000 0.0166
1430881375000 0.0162
1430881867000 0.0164
1430882358000 0.0163
1430882864000 0.0162
1430883346000 0.0161
1430885261000 0.0162
1430891066000 0.0161
1430891066000 0.0161
1430895957000 0.0162
1430896453000 0.0163
1430896940000 0.0162
1430897844000 0.0161
1430957327000 0.0251
1430957823000 0.0161
1430957823000 0.0161
1431044299000 0.0161
1431044299000 0.0161
1431088419000 0.0251
1431088789000 0.0161
1431088789000 0.0161
1431175333000 0.0161
1431175333000 0.0161
1431262033000 0.0161
