1423526799000 0.0071
1423613297000 0.0071
1423613297000 0.0071
1423699882000 0.0071
1423699882000 0.0071
1423786341000 0.0071
1423786341000 0.0071
1423872984000 0.0071
1423887402000 0.007
1423887645000 0.0071
1423887645000 0.0071
1423974240000 0.0071
1423980024000 0.007
1423980279000 0.0071
1423980279000 0.0071
1424066694000 0.0071
1424066694000 0.0071
1424153247000 0.0071
1424153247000 0.0071
1424165650000 0.007
1424165910000 0.0071
1424165910000 0.0071
1424252481000 0.0071
1424252481000 0.0071
1424338937000 0.0071
1424338937000 0.0071
1424425418000 0.0071
1424425418000 0.0071
1424511894000 0.0071
1424511894000 0.0071
1424598485000 0.0071
1424598485000 0.0071
1424685016000 0.0071
1424685016000 0.0071
1424771428000 0.0071
1424771428000 0.0071
1424857980000 0.0071
1424857980000 0.0071
1424944463000 0.0071
1424944463000 0.0071
1425031060000 0.0071
1425031060000 0.0071
1425117503000 0.0071
1425117503000 0.0071
1425203908000 0.0071
1425203908000 0.0071
1425290526000 0.0071
1425290526000 0.0071
1425376987000 0.0071
1425376987000 0.0071
1425463517000 0.0071
1425463517000 0.0071
1425550168000 0.0071
1425550168000 0.0071
1425636804000 0.0071
1425636804000 0.0071
1425723397000 0.0071
1425723397000 0.0071
1425810053000 0.0071
1425810053000 0.0071
1425896700000 0.0071
1425896700000 0.0071
1425983209000 0.0071
1425983209000 0.0071
1426069727000 0.0071
1426069727000 0.0071
1426156238000 0.0071
1426156238000 0.0071
1426242894000 0.0071
1426242894000 0.0071
1426329500000 0.0071
1426329500000 0.0071
1426416114000 0.0071
1426416114000 0.0071
1426502727000 0.0071
1426502727000 0.0071
1426589169000 0.0071
1426589169000 0.0071
1426675620000 0.0071
1426675620000 0.0071
1426762107000 0.0071
1426762107000 0.0071
1426848613000 0.0071
1426848613000 0.0071
1426935278000 0.0071
1426935278000 0.0071
1427021972000 0.0071
1427021972000 0.0071
1427108474000 0.0071
1427108474000 0.0071
1427195120000 0.0071
1427195120000 0.0071
1427281574000 0.0071
1427281574000 0.0071
1427368235000 0.0071
1427368235000 0.0071
1427454650000 0.0071
1427454650000 0.0071
1427541248000 0.0071
1427541248000 0.0071
1427627898000 0.0071
1427627898000 0.0071
1427714367000 0.0071
1427714367000 0.0071
1427800846000 0.0071
1427800846000 0.0071
1427887417000 0.0071
1427887417000 0.0071
1427973818000 0.0071
1427973818000 0.0071
1428060373000 0.0071
1428060373000 0.0071
1428147038000 0.0071
1428147038000 0.0071
1428233514000 0.0071
1428233514000 0.0071
1428320226000 0.0071
1428320226000 0.0071
1428406840000 0.0071
1428406840000 0.0071
1428493531000 0.0071
1428493531000 0.0071
1428580041000 0.0071
1428580041000 0.0071
1428666467000 0.0071
1428666467000 0.0071
1428752889000 0.0071
1428752889000 0.0071
1428839597000 0.0071
1428839597000 0.0071
1428926094000 0.0071
1428926094000 0.0071
1429012525000 0.0071
1429012525000 0.0071
1429099263000 0.0071
1429099263000 0.0071
1429185927000 0.0071
1429185927000 0.0071
1429272409000 0.0071
1429272409000 0.0071
1429358986000 0.0071
1429358986000 0.0071
1429445554000 0.0071
1429445554000 0.0071
1429532150000 0.0071
1429532150000 0.0071
1429618717000 0.0071
1429618717000 0.0071
1429705326000 0.0071
1429705326000 0.0071
1429791956000 0.0071
1429791956000 0.0071
1429878583000 0.0071
1429878583000 0.0071
1429965117000 0.0071
1429965117000 0.0071
1430051573000 0.0071
1430051573000 0.0071
1430138264000 0.0071
1430138264000 0.0071
1430224668000 0.0071
1430224668000 0.0071
1430311265000 0.0071
1430311265000 0.0071
1430398008000 0.0071
1430398008000 0.0071
1430484650000 0.0071
1430484650000 0.0071
1430571363000 0.0071
1430571363000 0.0071
1430657940000 0.0071
1430657940000 0.0071
1430744440000 0.0071
1430744440000 0.0071
1430830955000 0.0071
1430830955000 0.0071
1430917458000 0.0071
1430917458000 0.0071
1431003935000 0.0071
1431003935000 0.0071
1431090460000 0.0071
1431090460000 0.0071
1431176928000 0.0071
1431176928000 0.0071
1431263596000 0.0071
