1423531751000 0.0321
1423618325000 0.0321
1423618325000 0.0321
1423656985000 0.032
1423657241000 0.0321
1423662367000 0.032
1423662631000 0.0321
1423682143000 0.032
1423682417000 0.0321
1423699856000 0.032
1423700133000 0.0321
1423707493000 0.032
1423707753000 0.0321
1423707753000 0.0321
1423794345000 0.0321
1423794345000 0.0321
1423880820000 0.0321
1423880820000 0.0321
1423967467000 0.0321
1423967467000 0.0321
1424053922000 0.0321
1424053922000 0.0321
1424140387000 0.0321
1424146280000 0.032
1424146532000 0.0321
1424146532000 0.0321
1424225386000 0.032
1424225626000 0.0321
1424229165000 0.032
1424229439000 0.0321
1424232596000 0.032
1424232871000 0.0321
1424232871000 0.0321
1424319511000 0.0321
1424319511000 0.0321
1424364552000 0.032
1424364814000 0.0321
1424364814000 0.0321
1424451413000 0.0321
1424451413000 0.0321
1424537864000 0.0321
1424537864000 0.0321
1424624484000 0.0321
1424624484000 0.0321
1424711065000 0.0321
1424711065000 0.0321
1424797647000 0.0321
1424797647000 0.0321
1424884209000 0.0321
1424884209000 0.0321
1424970672000 0.0321
1424970672000 0.0321
1425057296000 0.0321
1425057296000 0.0321
1425143731000 0.0321
1425143731000 0.0321
1425230339000 0.0321
1425230339000 0.0321
1425316797000 0.0321
1425316797000 0.0321
1425403210000 0.0321
1425403210000 0.0321
1425489726000 0.0321
1425489726000 0.0321
1425576248000 0.0321
1425576248000 0.0321
1425662844000 0.0321
1425662844000 0.0321
1425749361000 0.0321
1425749361000 0.0321
1425835964000 0.0321
1425835964000 0.0321
1425922490000 0.0321
1425922490000 0.0321
1426009012000 0.0321
1426009012000 0.0321
1426095670000 0.0321
1426095670000 0.0321
1426182157000 0.0321
1426182157000 0.0321
1426268877000 0.0321
1426268877000 0.0321
1426355592000 0.0321
1426355592000 0.0321
1426442068000 0.0321
1426442068000 0.0321
1426528563000 0.0321
1426528563000 0.0321
1426614973000 0.0321
1426614973000 0.0321
1426701763000 0.0321
1426701763000 0.0321
1426788330000 0.0321
1426788330000 0.0321
1426874811000 0.0321
1426874811000 0.0321
1426961329000 0.0321
1426961329000 0.0321
1427047864000 0.0321
1427047864000 0.0321
1427134290000 0.0321
1427134290000 0.0321
1427220965000 0.0321
1427220965000 0.0321
1427307622000 0.0321
1427307622000 0.0321
1427394095000 0.0321
1427394095000 0.0321
1427480634000 0.0321
1427480634000 0.0321
1427567298000 0.0321
1427567298000 0.0321
1427653788000 0.0321
1427653788000 0.0321
1427740194000 0.0321
1427740194000 0.0321
1427826821000 0.0321
1427826821000 0.0321
1427913286000 0.0321
1427913286000 0.0321
1427999955000 0.0321
1427999955000 0.0321
1428086453000 0.0321
1428086453000 0.0321
1428173035000 0.0321
1428173035000 0.0321
1428259681000 0.0321
1428259681000 0.0321
1428346132000 0.0321
1428346132000 0.0321
1428432645000 0.0321
1428432645000 0.0321
1428519159000 0.0321
1428519159000 0.0321
1428605684000 0.0321
1428605684000 0.0321
1428692272000 0.0321
1428692272000 0.0321
1428778856000 0.0321
1428809747000 0.03531
1428810103000 0.0321
1428810103000 0.0321
1428896707000 0.0321
1428896707000 0.0321
1428983235000 0.0321
1428983235000 0.0321
1429069759000 0.0321
1429069759000 0.0321
1429156335000 0.0321
1429156335000 0.0321
1429229171000 0.03531
1429229490000 0.0321
1429234296000 0.03531
1429234655000 0.0321
1429234655000 0.0321
1429285899000 0.03531
1429286271000 0.0321
1429286271000 0.0321
1429372726000 0.0321
1429372726000 0.0321
1429459429000 0.0321
1429459429000 0.0321
1429524563000 0.03531
1429524918000 0.0321
1429524918000 0.0321
1429611401000 0.0321
1429611401000 0.0321
1429697887000 0.0321
1429697887000 0.0321
1429784291000 0.0321
1429784291000 0.0321
1429870818000 0.0321
1429931180000 0.03531
1429931567000 0.0321
1429931567000 0.0321
1430018074000 0.0321
1430018074000 0.0321
1430104629000 0.0321
1430104629000 0.0321
1430191299000 0.0321
1430191299000 0.0321
1430277910000 0.0321
1430277910000 0.0321
1430341169000 0.03531
1430341563000 0.0321
1430341563000 0.0321
1430396372000 0.03531
1430396765000 0.0321
1430402447000 0.03531
1430402803000 0.0321
1430402803000 0.0321
1430471819000 0.03531
1430472260000 0.0321
1430472681000 0.03531
1430473123000 0.0321
1430473534000 0.03531
1430473955000 0.0321
1430473955000 0.0321
1430560475000 0.0321
1430626989000 0.03531
1430627414000 0.0321
1430627414000 0.0321
1430713996000 0.0321
1430713996000 0.0321
1430763805000 0.03531
1430764292000 0.0321
1430805924000 0.03531
1430806410000 0.0321
1430806410000 0.0321
1430859827000 0.03531
1430860359000 0.0321
1430866563000 0.03531
1430867077000 0.0321
1430872181000 0.03531
1430872735000 0.0321
1430872735000 0.0321
1430906774000 0.03531
1430907243000 0.0321
1430917876000 0.03531
1430918366000 0.0321
1430918366000 0.0321
1431004819000 0.0321
1431042400000 0.03531
1431042760000 0.0321
1431042760000 0.0321
1431125877000 0.03531
1431126230000 0.0321
1431126594000 0.03531
1431126953000 0.0321
1431126953000 0.0321
1431213534000 0.0321
1431213534000 0.0321
1431300121000 0.0321
