1423526533000 0.043
1423595220000 0.016
1423595505000 0.043
1423595505000 0.043
1423681923000 0.043
1423681923000 0.043
1423768357000 0.043
1423797220000 0.87
1423797736000 0.043
1423803371000 0.87
1423803619000 0.043
1423803619000 0.043
1423885677000 0.87
1423886170000 0.043
1423886170000 0.043
1423972737000 0.043
1423972737000 0.043
1424031392000 0.07
1424032920000 0.043
1424038513000 0.25
1424042797000 0.043
1424042797000 0.043
1424129323000 0.043
1424129323000 0.043
1424188332000 0.05
1424200781000 0.043
1424200781000 0.043
1424287204000 0.043
1424287204000 0.043
1424335934000 0.07
1424340741000 0.043
1424340741000 0.043
1424427250000 0.043
1424442897000 0.14
1424461682000 0.147
1424469287000 0.043
1424469287000 0.043
1424555853000 0.043
1424555853000 0.043
1424642489000 0.043
1424642489000 0.043
1424703916000 0.147
1424708861000 0.168
1424709134000 0.147
1424713595000 0.168
1424714142000 0.147
1424725405000 0.05
1424759717000 0.2
1424759717000 0.2
1424836680000 0.043
1424836680000 0.043
1424883136000 0.05
1424892115000 0.043
1424896397000 0.048
1424901375000 0.043
1424912957000 0.048
1424915497000 0.168
1424915802000 0.043
1424916087000 0.18
1424921229000 0.043
1424923362000 0.08
1424925967000 0.043
1424925967000 0.043
1424937679000 0.14
1425001232000 0.043
1425001232000 0.043
1425081081000 0.07
1425099141000 0.08
1425099141000 0.08
1425108311000 0.07
1425108311000 0.07
1425194718000 0.07
1425196533000 0.2
1425197598000 0.043
1425202652000 0.1
1425208137000 0.043
1425231692000 0.2
1425241687000 0.21
1425242752000 0.5
1425249834000 0.043
1425256102000 0.07
1425261580000 0.21
1425261851000 0.5
1425262977000 0.6
1425274476000 0.043
1425274476000 0.043
1425283393000 0.14
1425283706000 0.043
1425301117000 0.07
1425310923000 0.147
1425318252000 0.043
1425319089000 0.147
1425321977000 0.2
1425328522000 0.043
1425357074000 0.045
1425363245000 0.043
1425363245000 0.043
1425369937000 0.14
1425370234000 0.07
1425392837000 0.14
1425397386000 0.043
1425402973000 0.2
1425402973000 0.2
1425479612000 0.25
1425479893000 0.043
1425480174000 0.2
1425485262000 0.4
1425485562000 0.2
1425486689000 0.7
1425492295000 0.2
1425492295000 0.2
1425578844000 0.2
1425582708000 0.45
1425582708000 0.45
1425633783000 0.2
1425691274000 0.3
1425691563000 0.75
1425697805000 0.2
1425697805000 0.2
1425784331000 0.2
1425784331000 0.2
1425870796000 0.2
1425870796000 0.2
1425957299000 0.2
1425957299000 0.2
1426043863000 0.2
1426043863000 0.2
1426130617000 0.2
1426130617000 0.2
1426217236000 0.2
1426217236000 0.2
1426257082000 0.225
1426257082000 0.225
1426343762000 0.225
1426343762000 0.225
1426407770000 0.25
1426408957000 0.2
1426408957000 0.2
1426495404000 0.2
1426500688000 0.45
1426500688000 0.45
1426587228000 0.45
1426593625000 0.5
1426593625000 0.5
1426680240000 0.5
1426707484000 0.043
1426722737000 0.05
1426725194000 0.06
1426737597000 0.043
1426737597000 0.043
1426774097000 0.14
1426786455000 0.2
1426798600000 0.043
1426805403000 0.147
1426816367000 0.043
1426828828000 0.02
1426829193000 0.043
1426829193000 0.043
1426862241000 0.1
1426862603000 0.14
1426863317000 0.5
1426867413000 0.043
1426868183000 0.5
1426874531000 0.043
1426874901000 0.14
1426876018000 0.147
1426885356000 0.4
1426891728000 0.043
1426891728000 0.043
1426965441000 0.08
1426996548000 0.043
1426996548000 0.043
1427041802000 0.14
1427086246000 0.043
1427086246000 0.043
1427097912000 0.14
1427098583000 0.043
1427113976000 0.14
1427127394000 0.2
1427127394000 0.2
1427213834000 0.2
1427223893000 0.45
1427234927000 0.043
1427234927000 0.043
1427288542000 0.02
1427288915000 0.14
1427290012000 0.043
1427294013000 0.14
1427295471000 0.168
1427296553000 0.043
1427296867000 0.14
1427300286000 0.043
1427301639000 0.168
1427303163000 0.2
1427304822000 0.147
1427306264000 0.42
1427307332000 0.147
1427314244000 0.168
1427315942000 0.147
1427337928000 0.043
1427337928000 0.043
1427357553000 0.14
1427359622000 0.043
1427360313000 0.14
1427360673000 0.043
1427361020000 0.14
1427362420000 0.043
1427365537000 0.14
1427371390000 0.043
1427375273000 0.14
1427409970000 0.043
1427412085000 0.14
1427413551000 0.043
1427416078000 0.14
1427416419000 0.043
1427416419000 0.043
1427439782000 0.14
1427441188000 0.043
1427444083000 0.14
1427445808000 0.043
1427451256000 0.14
1427453968000 0.043
1427456719000 0.14
1427475143000 0.043
1427475567000 0.14
1427476680000 0.168
1427477397000 0.043
1427488612000 0.14
1427489751000 0.168
1427490502000 0.14
1427490868000 0.18
1427515215000 0.043
1427515215000 0.043
1427601817000 0.043
1427601817000 0.043
1427688507000 0.043
1427688507000 0.043
1427719254000 0.14
1427728374000 0.225
1427729117000 0.043
1427729495000 0.2
1427731258000 0.14
1427731642000 0.2
1427732004000 0.35
1427740657000 0.14
1427744308000 0.42
1427745356000 0.14
1427752136000 0.56
1427755973000 0.043
1427769864000 0.1
1427770551000 0.043
1427775689000 0.56
1427779481000 0.043
1427779481000 0.043
1427807820000 0.14
1427816778000 0.225
1427816778000 0.225
1427902676000 0.896
1427903039000 0.2
1427903400000 0.896
1427924882000 0.043
1427925280000 0.14
1427935075000 0.043
1427935075000 0.043
1427961594000 0.14
1427962259000 0.043
1427982374000 0.14
1428013100000 0.043
1428013100000 0.043
1428048385000 0.14
1428049358000 0.141
1428049358000 0.141
1428136031000 0.141
1428199961000 0.2
1428199961000 0.2
1428286482000 0.2
1428286482000 0.2
1428336936000 0.56
1428340910000 0.141
1428355737000 0.168
1428356079000 0.141
1428356435000 0.168
1428356780000 0.141
1428357482000 0.168
1428357844000 0.141
1428359581000 0.168
1428359931000 0.56
1428378047000 0.141
1428383036000 0.168
1428383398000 0.141
1428383398000 0.141
1428390573000 0.168
1428391604000 0.141
1428397903000 0.168
1428398259000 0.141
1428405128000 0.168
1428405474000 0.141
1428412550000 0.168
1428412908000 0.141
1428420142000 0.168
1428420504000 0.141
1428427578000 0.168
1428427933000 0.141
1428432003000 0.5
1428450407000 0.043
1428452177000 0.141
1428454200000 0.168
1428454583000 0.043
1428457972000 0.5
1428459838000 0.043
1428463490000 0.168
1428464200000 0.043
1428471015000 0.168
1428471796000 0.043
1428471796000 0.043
1428478319000 0.168
1428478727000 0.043
1428480245000 0.14
1428481042000 0.141
1428485595000 0.168
1428485974000 0.043
1428492824000 0.168
1428493939000 0.043
1428500368000 0.168
1428500734000 0.043
1428507830000 0.168
1428508208000 0.043
1428515361000 0.168
1428515742000 0.043
1428522595000 0.168
1428522992000 0.043
1428529935000 0.168
1428530295000 0.043
1428537293000 0.168
1428537646000 0.043
1428544603000 0.168
1428544951000 0.043
1428552093000 0.168
1428552436000 0.043
1428559495000 0.168
1428559844000 0.043
1428559844000 0.043
1428567394000 0.141
1428574252000 0.168
1428574940000 0.043
1428581798000 0.168
1428582149000 0.043
1428588029000 0.14
1428589129000 0.168
1428589479000 0.043
1428596635000 0.168
1428597355000 0.043
1428603917000 0.168
1428604274000 0.043
1428611268000 0.168
1428611647000 0.043
1428618559000 0.168
1428619301000 0.043
1428625924000 0.168
1428626279000 0.043
1428633278000 0.168
1428633997000 0.043
1428640641000 0.168
1428641358000 0.043
1428641358000 0.043
1428647886000 0.168
1428648195000 0.043
1428652893000 0.14
1428653295000 0.043
1428653666000 0.14
1428654038000 0.141
1428655148000 0.168
1428655507000 0.043
1428655871000 0.141
1428662485000 0.168
1428663200000 0.043
1428670162000 0.168
1428670517000 0.043
1428677500000 0.168
1428677866000 0.043
1428685093000 0.168
1428685860000 0.043
1428692365000 0.168
1428692738000 0.043
1428699655000 0.168
1428700044000 0.043
1428702583000 0.168
1428702951000 0.043
1428707224000 0.168
1428707595000 0.043
1428714702000 0.168
1428715447000 0.043
1428716526000 1.4
1428716526000 1.4
1428803003000 1.4
1428803003000 1.4
1428889704000 1.4
1428889704000 1.4
1428972788000 0.043
1428976475000 0.168
1428977206000 0.043
1428977581000 0.168
1428977980000 0.043
1428978688000 0.168
1428979742000 0.043
1428980819000 0.168
1428981184000 0.043
1428985066000 0.168
1428985770000 0.043
1428992603000 0.168
1428992969000 0.043
1428992969000 0.043
1428998526000 0.14
1428999579000 0.141
1429000251000 0.168
1429000614000 0.043
1429001296000 0.141
1429007989000 0.168
1429008324000 0.043
1429015443000 0.168
1429015793000 0.043
1429023086000 0.168
1429023444000 0.043
1429025723000 0.141
1429026828000 0.043
1429027206000 0.141
1429027957000 0.043
1429038063000 0.168
1429038451000 0.043
1429045506000 0.168
1429045857000 0.043
1429053143000 0.168
1429053475000 0.043
1429060139000 0.56
1429062611000 1.0
1429064685000 0.043
1429068461000 0.168
1429068810000 0.043
1429076042000 0.168
1429076400000 0.043
1429077106000 0.05
1429077810000 0.1
1429078162000 0.043
1429078162000 0.043
1429083064000 0.05
1429083409000 0.168
1429083770000 0.043
1429084103000 0.055
1429085130000 0.14
1429085830000 0.141
1429090964000 0.168
1429091628000 0.043
1429093023000 0.141
1429098237000 0.168
1429098583000 0.043
1429113112000 0.168
1429113485000 0.043
1429120521000 0.168
1429120865000 0.043
1429128066000 0.168
1429128440000 0.043
1429133031000 1.0
1429143997000 0.2
1429143997000 0.2
1429230720000 0.2
1429230720000 0.2
1429277108000 0.56
1429280972000 0.2
1429301566000 0.56
1429305349000 0.2
1429305349000 0.2
1429391937000 0.2
1429391937000 0.2
1429478614000 0.2
1429478614000 0.2
1429565196000 0.2
1429565196000 0.2
1429599604000 0.21
1429601770000 0.043
1429603573000 0.14
1429604306000 0.141
1429605724000 0.168
1429606434000 0.043
1429607872000 0.141
1429612960000 0.168
1429613669000 0.043
1429614780000 0.3
1429621354000 0.4501
1429621741000 0.043
1429624091000 0.5
1429624091000 0.5
1429710591000 0.5
1429710591000 0.5
1429797214000 0.5
1429797214000 0.5
1429883852000 0.5
1429883852000 0.5
1429970581000 0.5
1429970581000 0.5
1430056991000 0.5
1430056991000 0.5
1430121249000 0.56
1430125169000 0.2
1430126246000 0.043
1430131699000 0.141
1430140192000 0.56
1430144277000 0.043
1430144277000 0.043
1430204884000 0.12
1430208464000 0.14
1430209277000 0.141
1430244587000 0.56
1430248437000 0.043
1430254612000 0.044
1430270808000 0.56
1430270808000 0.56
1430310927000 0.2
1430310927000 0.2
1430397648000 0.2
1430411931000 0.56
1430415804000 0.043
1430418971000 0.1
1430419360000 0.043
1430430414000 0.05
1430431561000 0.043
1430431561000 0.043
1430463282000 0.07
1430467480000 0.14
1430467927000 0.043
1430468374000 0.141
1430468374000 0.141
1430554859000 0.141
1430566614000 0.043
1430566614000 0.043
1430641278000 0.141
1430641278000 0.141
1430727739000 0.141
1430727739000 0.141
1430814239000 0.141
1430880649000 0.043
1430880649000 0.043
1430900253000 0.141
1430943540000 1.0
1430944540000 0.043
1430945045000 0.14
1430949959000 0.043
1430949959000 0.043
1430985725000 0.14
1430986665000 0.141
1431023045000 0.56
1431027518000 0.043
1431029921000 0.6
1431031376000 0.043
1431031376000 0.043
1431072933000 0.141
1431072933000 0.141
1431159482000 0.141
1431176240000 0.043
1431176240000 0.043
1431245917000 0.141
