1423524445000 1.0
1423555475000 3.0
1423574964000 0.4501
1423575229000 1.0
1423576004000 0.4501
1423576521000 1.0
1423577054000 0.4501
1423577314000 1.0
1423577574000 0.4501
1423577843000 1.0
1423578368000 0.4501
1423578633000 1.0
1423578894000 0.4501
1423579170000 1.0
1423580222000 0.4501
1423580493000 1.0
1423580753000 0.4501
1423581284000 1.0
1423581548000 0.4501
1423581810000 1.0
1423582080000 0.4501
1423582340000 0.032
1423582606000 1.0
1423582867000 0.4501
1423583135000 1.0
1423583396000 0.4501
1423583920000 1.0
1423585800000 0.4501
1423586601000 1.0
1423587127000 0.4501
1423587675000 1.0
1423588210000 0.4501
1423588720000 0.5
1423589826000 0.4501
1423590700000 1.0
1423591257000 0.4501
1423591534000 1.0
1423592113000 0.4501
1423592391000 1.0
1423592957000 0.4501
1423593514000 1.0
1423594613000 0.4501
1423594890000 1.0
1423595172000 0.4501
1423595468000 1.0
1423596602000 0.4501
1423596881000 1.0
1423597158000 0.4501
1423597954000 1.0
1423598766000 0.4501
1423599039000 1.0
1423599315000 0.4501
1423599580000 1.0
1423600629000 0.4501
1423600899000 1.0
1423601167000 0.4501
1423601436000 1.0
1423601712000 0.4501
1423601979000 1.0
1423602775000 0.4501
1423603036000 1.0
1423603559000 0.4501
1423603827000 1.0
1423604087000 0.4501
1423604346000 1.0
1423605424000 0.4501
1423605685000 1.0
1423605960000 0.4501
1423606503000 1.0
1423607280000 0.4501
1423607535000 1.0
1423608301000 0.4501
1423608561000 1.0
1423608561000 1.0
1423642116000 3.0
1423660821000 0.4501
1423661086000 1.0
1423661601000 0.4501
1423663404000 1.0
1423663930000 0.4501
1423664196000 1.0
1423664459000 0.4501
1423664982000 1.0
1423665247000 0.4501
1423666305000 1.0
1423666575000 0.4501
1423666847000 1.0
1423667123000 0.4501
1423669864000 1.0
1423670136000 0.4501
1423671513000 1.0
1423671799000 0.4501
1423672347000 1.0
1423672611000 0.4501
1423672879000 1.0
1423673149000 0.4501
1423673942000 1.0
1423675570000 0.4501
1423675834000 1.0
1423676098000 0.4501
1423676368000 1.0
1423677159000 0.4501
1423677701000 1.0
1423678517000 0.4501
1423678823000 1.0
1423679107000 0.4501
1423679676000 1.0
1423679941000 0.4501
1423681039000 1.0
1423681311000 0.4501
1423682147000 1.0
1423682424000 0.4501
1423683491000 1.0
1423683750000 0.4501
1423684011000 1.0
1423684270000 0.4501
1423684792000 1.0
1423685067000 0.4501
1423685611000 1.0
1423685883000 0.4501
1423686151000 1.0
1423686416000 0.4501
1423687188000 1.0
1423687447000 0.4501
1423687707000 1.0
1423688215000 0.4501
1423688750000 1.0
1423689008000 0.4501
1423690328000 1.0
1423690582000 0.4501
1423690839000 1.0
1423691104000 0.4501
1423692427000 1.0
1423692957000 0.4501
1423693216000 1.0
1423693738000 0.4501
1423694242000 1.0
1423694507000 0.4501
1423695024000 1.0
1423695539000 0.4501
1423695539000 0.4501
1423728352000 3.0
1423747693000 0.4501
1423747693000 0.4501
1423814867000 3.0
1423834738000 0.4501
1423834738000 0.4501
1423901062000 3.0
1423919693000 0.4501
1423919693000 0.4501
1423987690000 3.0
1424005676000 0.4501
1424005676000 0.4501
1424074063000 3.0
1424092419000 0.4501
1424092419000 0.4501
1424160287000 3.0
1424178841000 0.4501
1424178841000 0.4501
1424246649000 3.0
1424265965000 0.4501
1424265965000 0.4501
1424333058000 3.0
1424352245000 0.4501
1424369323000 1.5
1424369587000 0.4501
1424369587000 0.4501
1424419735000 3.0
1424437912000 0.4501
1424448244000 1.5
1424448508000 0.4501
1424478476000 1.0
1424478476000 1.0
1424505963000 3.0
1424524964000 0.4501
1424524964000 0.4501
1424592261000 3.0
1424610985000 0.4501
1424612780000 0.4502
1424613028000 0.4501
1424613028000 0.4501
1424678777000 3.0
1424697755000 0.4501
1424719333000 0.5
1424728663000 0.4501
1424728663000 0.4501
1424765104000 3.0
1424784010000 0.4501
1424799917000 1.0
1424799917000 1.0
1424851555000 3.0
1424871075000 0.4501
1424906797000 1.12
1424907335000 0.4501
1424912914000 1.12
1424913753000 0.4501
1424913753000 0.4501
1424937913000 3.0
1424999774000 0.4501
1424999774000 0.4501
1425024519000 3.0
1425043615000 0.4501
1425043615000 0.4501
1425110868000 3.0
1425129852000 0.4501
1425129852000 0.4501
1425197296000 3.0
1425215160000 0.4501
1425243232000 0.5
1425246630000 0.4501
1425246630000 0.4501
1425283657000 3.0
1425302150000 0.4501
1425313674000 1.0
1425315117000 0.4501
1425315965000 1.0
1425316527000 0.4501
1425358492000 0.46
1425362030000 0.4501
1425362030000 0.4501
1425369880000 3.0
1425389155000 0.4501
1425389155000 0.4501
1425456391000 3.0
1425476202000 0.4501
1425476202000 0.4501
1425542861000 3.0
1425562504000 0.4501
1425582385000 3.0
1425591552000 0.4501
1425598947000 0.46
1425606803000 0.5
1425607370000 0.8
1425610880000 0.82
1425611470000 0.4501
1425616061000 0.47
1425616883000 0.475
1425616883000 0.475
1425629113000 3.0
1425649321000 0.4501
1425660598000 0.48
1425661146000 0.5
1425665679000 0.4501
1425671814000 0.46
1425674368000 0.4501
1425679165000 0.5
1425682435000 0.6
1425682997000 1.0
1425683535000 0.4501
1425685963000 0.5
1425686768000 0.6
1425689832000 0.65
1425690415000 0.9
1425690682000 1.5
1425692343000 1.6
1425692903000 1.8
1425693702000 0.85
1425698000000 0.4501
1425698000000 0.4501
1425715595000 3.0
1425735007000 0.4501
1425762995000 0.451
1425772906000 0.5
1425772906000 0.5
1425802062000 3.0
1425820817000 0.48
1425834033000 0.5
1425836496000 0.55
1425841620000 0.48
1425851281000 0.5
1425852116000 0.48
1425852116000 0.48
1425888362000 3.0
1425906823000 0.48
1425917469000 0.4501
1425917469000 0.4501
1425974913000 3.0
1425994644000 0.4501
1425994644000 0.4501
1426061127000 3.0
1426080567000 0.4501
1426080567000 0.4501
1426147491000 3.0
1426166973000 0.4501
1426208115000 0.5
1426208497000 0.4501
1426208497000 0.4501
1426230177000 0.0322
1426230565000 0.4501
1426233889000 3.0
1426242869000 0.4501
1426274507000 0.5
1426287510000 0.6
1426287906000 0.65
1426289840000 0.4501
1426289840000 0.4501
1426320366000 3.0
1426329480000 0.4501
1426367817000 1.0
1426367817000 1.0
1426406906000 3.0
1426415684000 1.0
1426415684000 1.0
1426493344000 3.0
1426501850000 1.0
1426501850000 1.0
1426579655000 3.0
1426590777000 0.4501
1426625276000 1.0
1426628502000 0.4501
1426628502000 0.4501
1426666238000 3.0
1426677129000 0.4501
1426734534000 0.53
1426737185000 0.4501
1426737185000 0.4501
1426750606000 0.5
1426750973000 1.8
1426751704000 0.4501
1426752451000 3.0
1426763568000 0.4501
1426763568000 0.4501
1426838919000 3.0
1426847562000 0.4501
1426847562000 0.4501
1426925157000 3.0
1426944645000 0.4501
1426975420000 0.5
1426985302000 0.4501
1426985302000 0.4501
1427011601000 3.0
1427030716000 0.4501
1427030716000 0.4501
1427098203000 3.0
1427117726000 0.4501
1427130257000 0.05
1427130998000 0.4501
1427130998000 0.4501
1427184367000 3.0
1427204823000 0.4501
1427204823000 0.4501
1427267035000 0.046
1427267396000 0.4501
1427270810000 3.0
1427291390000 0.4501
1427291390000 0.4501
1427353364000 0.04
1427353723000 0.4501
1427357126000 3.0
1427377557000 0.4501
1427377557000 0.4501
1427443660000 3.0
1427452903000 0.4501
1427476226000 3.0
1427482466000 0.4501
1427482466000 0.4501
1427569020000 0.4501
1427569020000 0.4501
1427625505000 0.5
1427626168000 0.4501
1427626168000 0.4501
1427712908000 0.4501
1427712908000 0.4501
1427799390000 0.4501
1427799390000 0.4501
1427872673000 1.0
1427872673000 1.0
1427959188000 1.0
1427959188000 1.0
1428045657000 1.0
1428045657000 1.0
1428132228000 1.0
1428132228000 1.0
1428218678000 1.0
1428218678000 1.0
1428305386000 1.0
1428305386000 1.0
1428391883000 1.0
1428391883000 1.0
1428478647000 1.0
1428478647000 1.0
1428565260000 1.0
1428565260000 1.0
1428651737000 1.0
1428651737000 1.0
1428738257000 1.0
1428738257000 1.0
1428824864000 1.0
1428824864000 1.0
1428911599000 1.0
1428911599000 1.0
1428998121000 1.0
1428998121000 1.0
1429084711000 1.0
1429084711000 1.0
1429171362000 1.0
1429171362000 1.0
1429257983000 1.0
1429257983000 1.0
1429344692000 1.0
1429344692000 1.0
1429431377000 1.0
1429508251000 1.5
1429508251000 1.5
1429568664000 0.5
1429568664000 0.5
1429626687000 2.0
1429629861000 0.4501
1429630279000 2.0
1429632670000 0.4501
1429633461000 2.0
1429634637000 0.4501
1429635033000 2.0
1429635803000 1.14
1429636199000 0.4501
1429636598000 2.0
1429638136000 0.4501
1429638507000 2.0
1429639310000 1.14
1429639712000 2.0
1429640099000 0.4501
1429640484000 2.0
1429641246000 0.4501
1429641633000 2.0
1429642021000 0.4501
1429642770000 2.0
1429643164000 0.4501
1429643542000 2.0
1429646593000 0.4501
1429646983000 2.0
1429650100000 0.4501
1429650519000 2.0
1429650902000 0.4501
1429651285000 2.0
1429652457000 0.4501
1429652812000 2.0
1429653971000 0.4501
1429654360000 2.0
1429656538000 0.4501
1429656913000 2.0
1429656913000 2.0
1429743577000 2.0
1429743577000 2.0
1429830267000 2.0
1429836890000 0.4501
1429836890000 0.4501
1429884506000 0.68
1429888325000 0.4501
1429888693000 0.68
1429890569000 0.4501
1429890940000 0.68
1429891304000 0.4501
1429891668000 2.0
1429892402000 0.4501
1429892402000 0.4501
1429979068000 0.4501
1429979068000 0.4501
1430065608000 0.4501
1430065608000 0.4501
1430152195000 0.4501
1430152195000 0.4501
1430238614000 0.4501
1430259014000 0.6
1430260190000 0.4501
1430260190000 0.4501
1430346762000 0.4501
1430346762000 0.4501
1430407656000 1.0
1430407656000 1.0
1430494501000 1.0
1430494501000 1.0
1430581328000 1.0
1430581328000 1.0
1430667864000 1.0
1430667864000 1.0
1430754308000 1.0
1430762425000 2.0
1430763367000 0.4501
1430763844000 2.0
1430765269000 0.4501
1430766716000 2.0
1430771391000 0.4501
1430771844000 2.0
1430773272000 0.4501
1430773736000 2.0
1430774707000 0.4501
1430775640000 2.0
1430777063000 0.4501
1430778434000 2.0
1430779784000 0.4501
1430779784000 0.4501
1430826075000 2.0
1430826550000 0.4501
1430827032000 2.0
1430829942000 0.4501
1430831415000 2.0
1430833429000 0.4501
1430833942000 2.0
1430834458000 0.4501
1430834976000 2.0
1430837516000 0.1
1430838043000 2.0
1430839083000 0.4501
1430840103000 2.0
1430840625000 0.4501
1430841133000 2.0
1430843148000 0.4501
1430843653000 2.0
1430844690000 0.4501
1430845219000 1.5
1430845746000 0.4501
1430846268000 2.0
1430848792000 0.4501
1430849250000 2.0
1430850288000 0.4501
1430850806000 2.0
1430853295000 0.4501
1430853734000 2.0
1430854255000 0.4501
1430854700000 2.0
1430856253000 1.5
1430856775000 2.0
1430857805000 0.4501
1430858845000 2.0
1430859876000 0.4501
1430860398000 2.0
1430861439000 0.4501
1430861963000 2.0
1430863001000 0.4501
1430863535000 2.0
1430864562000 0.4501
1430865588000 2.0
1430865588000 2.0
1430952244000 2.0
1430952244000 2.0
1431039015000 2.0
1431039015000 2.0
1431125538000 2.0
1431125538000 2.0
1431211770000 0.4501
1431212494000 2.0
1431212850000 0.4501
1431213554000 2.0
1431214256000 0.4501
1431215349000 2.0
1431216060000 0.4501
1431216442000 2.0
1431216814000 0.4501
1431217917000 2.0
1431218301000 0.4501
1431219452000 2.0
1431219828000 0.4501
1431220576000 2.0
1431221648000 0.4501
1431222376000 2.0
1431223467000 0.4501
1431224904000 2.0
1431225284000 0.4501
1431226045000 2.0
1431226407000 0.4501
1431226760000 2.0
1431227524000 0.4501
1431228616000 2.0
1431229350000 0.4501
1431230069000 2.0
1431230430000 0.4501
1431232610000 2.0
1431233338000 0.4501
1431235158000 2.0
1431236605000 0.4501
1431237321000 2.0
1431237679000 0.4501
1431237679000 0.4501
1431243735000 2.0
1431244080000 0.4501
1431315237000 2.0
1431316304000 0.4501
1431316648000 2.0
1431317019000 0.4501
1431317374000 2.0
1431318443000 0.4501
