1423549992000 0.452
1423550572000 0.016
1423550815000 0.452
1423572724000 0.016
1423572975000 0.452
1423602595000 0.016
1423602854000 0.452
1423618135000 0.016
1423618410000 0.452
1423618410000 0.452
1423657577000 0.016
1423657828000 0.452
1423679489000 0.016
1423679758000 0.452
1423679758000 0.452
1423766305000 0.452
1423801114000 0.5
1423801361000 0.452
1423802627000 0.5
1423802891000 0.452
1423805160000 0.5
1423806966000 0.452
1423806966000 0.452
1423893526000 0.452
1423893526000 0.452
1423980074000 0.452
1423980074000 0.452
1424040301000 0.5
1424041564000 0.452
1424042833000 0.5
1424053751000 0.452
1424062371000 0.5
1424062627000 0.452
1424066464000 0.5
1424068560000 0.452
1424068560000 0.452
1424069551000 0.5
1424069802000 0.452
1424078315000 0.5
1424078833000 0.452
1424082158000 0.5
1424085784000 0.452
1424086285000 0.5
1424089897000 0.452
1424126520000 0.5
1424126763000 0.452
1424127008000 0.5
1424130680000 0.452
1424132588000 0.5
1424136294000 0.452
1424147637000 0.5
1424147883000 0.452
1424150720000 0.5
1424150720000 0.5
1424156065000 0.452
1424211516000 0.5
1424211789000 0.452
1424218116000 0.5
1424225727000 0.452
1424229532000 0.5
1424233233000 0.452
1424236884000 0.5
1424237162000 0.452
1424237162000 0.452
1424241887000 0.5
1424242162000 0.452
1424247502000 0.5
1424248012000 0.452
1424251514000 0.5
1424255593000 0.452
1424257882000 0.5
1424265790000 0.452
1424272059000 0.5
1424272322000 0.452
1424321409000 0.5
1424324916000 0.452
1424324916000 0.452
1424330898000 0.5
1424337988000 0.452
1424340260000 0.5
1424344357000 0.452
1424344610000 0.5
1424345123000 0.452
1424351550000 0.5
1424355262000 0.452
1424362229000 0.5
1424362229000 0.5
1424448852000 0.452
1424449655000 0.5
1424456797000 0.452
1424456797000 0.452
1424543229000 0.452
1424543229000 0.452
1424629738000 0.452
1424668002000 0.5
1424671922000 0.452
1424671922000 0.452
1424677294000 0.5
1424677544000 0.452
1424681698000 0.5
1424685323000 0.452
1424690069000 0.5
1424693924000 0.452
1424710599000 0.5
1424717763000 0.452
1424723300000 0.5
1424726844000 0.452
1424754785000 0.5
1424754785000 0.5
1424762339000 0.452
1424763103000 0.5
1424766780000 0.452
1424769673000 0.5
1424776745000 0.452
1424777007000 0.5
1424787855000 0.452
1424809845000 0.5
1424809845000 0.5
1424896442000 0.5
1424896442000 0.5
1424971321000 0.452
1424982367000 0.5
1424985129000 0.452
1425014707000 0.5
1425018325000 0.452
1425018325000 0.452
1425027253000 0.5
1425031113000 0.452
1425032708000 0.5
1425033222000 0.452
1425035536000 0.5
1425042601000 0.452
1425042601000 0.452
1425129139000 0.452
1425129139000 0.452
1425215779000 0.452
1425276637000 0.5
1425276637000 0.5
1425280581000 0.452
1425286110000 0.5
1425289809000 0.452
1425293990000 0.5
1425294531000 0.452
1425305457000 0.5
1425309304000 0.452
1425359779000 0.5
1425363291000 0.452
1425363291000 0.452
1425368792000 0.5
1425379731000 0.452
1425387130000 0.5
1425387724000 0.452
1425447712000 0.5
1425448249000 0.452
1425448249000 0.452
1425475733000 0.5
1425479361000 0.452
1425532090000 0.5
1425532090000 0.5
1425539749000 0.452
1425548056000 0.5
1425548580000 0.452
1425556260000 0.5
1425556793000 0.452
1425556793000 0.452
1425643381000 0.452
1425643381000 0.452
1425729948000 0.452
1425729948000 0.452
1425816504000 0.452
1425878020000 0.5
1425878020000 0.5
1425885686000 0.452
1425895628000 0.5
1425896199000 0.452
1425899555000 0.5
1425910532000 0.452
1425912164000 0.5
1425915604000 0.452
1425916725000 0.5
1425920938000 0.452
1425965017000 0.5
1425965017000 0.5
1425976093000 0.452
1425980241000 0.5
1426002179000 0.452
1426005027000 0.5
1426008802000 0.452
1426008802000 0.452
1426057095000 0.5
1426060886000 0.452
1426068556000 0.5
1426072274000 0.452
1426079976000 0.5
1426082374000 0.6
1426083090000 0.452
1426083816000 0.5
1426087427000 0.452
1426131036000 0.0161
1426131036000 0.0161
1426217653000 0.0161
1426217653000 0.0161
1426273344000 0.0162
1426273758000 0.0161
1426276228000 0.0162
1426276641000 0.0161
1426289332000 0.0162
1426290806000 0.0161
1426290806000 0.0161
1426377528000 0.0161
1426377528000 0.0161
1426464137000 0.0161
1426464137000 0.0161
1426517894000 0.0162
1426518327000 0.0161
1426519616000 0.0162
1426520039000 0.0161
1426521318000 0.0162
1426521729000 0.0161
1426522165000 0.0162
1426523032000 0.0161
1426523904000 0.0162
1426524337000 0.0161
1426530041000 0.0162
1426530919000 0.0161
1426533127000 0.0162
1426534006000 0.0161
1426534006000 0.0161
1426618807000 0.0162
1426619628000 0.0161
1426620024000 0.0162
1426620443000 0.0161
1426622098000 0.0162
1426622919000 0.0161
1426628585000 0.0162
1426628978000 0.0161
1426631806000 0.0162
1426632196000 0.0161
1426632196000 0.0161
1426691741000 0.0162
1426692156000 0.0161
1426692936000 0.0162
1426693340000 0.0161
1426694979000 0.0162
1426695383000 0.0161
1426703079000 0.0162
1426704705000 0.0161
1426705099000 0.0162
1426705519000 0.0161
1426711940000 0.0162
1426712332000 0.0161
1426712332000 0.0161
1426791043000 0.0162
1426791428000 0.0161
1426793728000 0.0162
1426794057000 0.0161
1426796699000 0.0162
1426797087000 0.0161
1426797878000 0.0162
1426798639000 0.0161
1426799020000 0.0162
1426799779000 0.0161
1426802051000 0.0162
1426802427000 0.0161
1426802427000 0.0161
1426889217000 0.0161
1426889217000 0.0161
1426975850000 0.0161
1426975850000 0.0161
1427062309000 0.0161
1427062309000 0.0161
1427148723000 0.0161
1427150149000 0.0162
1427150500000 0.0161
1427150500000 0.0161
1427205606000 0.0162
1427205969000 0.0161
1427214622000 0.0162
1427214971000 0.0161
1427218975000 0.0162
1427219337000 0.0161
1427220747000 0.0162
1427221102000 0.0161
1427229957000 0.0162
1427230307000 0.0161
1427231752000 0.0162
1427232101000 0.0161
1427232785000 0.0162
1427233497000 0.0161
1427240599000 0.0162
1427240929000 0.0161
1427242729000 0.0162
1427243069000 0.0161
1427243069000 0.0161
1427300643000 0.0162
1427301013000 0.0161
1427306665000 0.0162
1427307019000 0.0161
1427307758000 0.0162
1427308127000 0.0161
1427310318000 0.0162
1427310681000 0.0161
1427315632000 0.0162
1427315983000 0.0161
1427316714000 0.0162
1427317081000 0.0161
1427317081000 0.0161
1427391049000 0.0162
1427391408000 0.0161
1427392808000 0.0162
1427393163000 0.0161
1427401083000 0.0162
1427401426000 0.0161
1427402169000 0.0162
1427402544000 0.0161
1427406151000 0.0162
1427406494000 0.0161
1427407526000 0.0162
1427407860000 0.0161
1427413255000 0.0162
1427413597000 0.0161
1427417208000 0.0162
1427417558000 0.0161
1427417558000 0.0161
1427466417000 0.0162
1427466760000 0.0161
1427467809000 0.0162
1427468153000 0.0161
1427468510000 0.0162
1427469251000 0.0161
1427469608000 0.0162
1427470354000 0.0161
1427471089000 0.0162
1427471447000 0.0161
1427472167000 0.0162
1427472535000 0.0161
1427475979000 0.0162
1427476348000 0.0161
1427476725000 0.0162
1427477091000 0.0161
1427481508000 0.0162
1427482226000 0.0161
1427484841000 0.0162
1427485203000 0.0161
1427485560000 0.0162
1427487510000 0.0161
1427500942000 0.0162
1427501325000 0.0161
1427501325000 0.0161
1427587740000 0.0161
1427587740000 0.0161
1427674158000 0.0161
1427674158000 0.0161
1427728042000 0.0162
1427728417000 0.0161
1427735298000 0.0162
1427735665000 0.0161
1427743993000 0.0162
1427745397000 0.0161
1427747893000 0.0162
1427748245000 0.0161
1427748245000 0.0161
1427834969000 0.0161
1427834969000 0.0161
1427900517000 0.0162
1427901277000 0.0161
1427904559000 0.0162
1427904946000 0.0161
1427904946000 0.0161
1427991590000 0.0161
1428009191000 0.0162
1428009486000 0.0161
1428019501000 0.0162
1428019851000 0.0161
1428019851000 0.0161
1428106519000 0.0161
1428106519000 0.0161
1428193195000 0.0161
1428193195000 0.0161
1428279836000 0.0161
1428279836000 0.0161
1428366302000 0.0161
1428366302000 0.0161
1428453087000 0.0161
1428453087000 0.0161
1428518064000 0.0162
1428518493000 0.0161
1428523860000 0.0162
1428524648000 0.0161
1428525020000 0.0162
1428525407000 0.0161
1428525407000 0.0161
1428612061000 0.0161
1428612061000 0.0161
1428691328000 0.0162
1428691702000 0.0161
1428691702000 0.0161
1428778255000 0.0161
1428778255000 0.0161
1428864732000 0.0161
1428864732000 0.0161
1428937657000 0.0162
1428938047000 0.0161
1428939707000 0.0162
1428940116000 0.0161
1428942940000 0.0162
1428943355000 0.0161
1428945823000 0.0162
1428946226000 0.0161
1428947858000 0.0162
1428948271000 0.0161
1428950689000 0.0162
1428951089000 0.0161
1428951875000 0.0162
1428952671000 0.0161
1428953445000 0.0162
1428953846000 0.0161
1428954999000 0.0162
1428955759000 0.0161
1428956535000 0.0162
1428958052000 0.0161
1428960712000 0.0162
1428961097000 0.0161
1428961097000 0.0161
1429020567000 0.0162
1429020932000 0.0161
1429022757000 0.0162
1429023123000 0.0161
1429023482000 0.0162
1429023864000 0.0161
1429025026000 0.0162
1429025390000 0.0161
1429026503000 0.0162
1429026870000 0.0161
1429027251000 0.0162
1429027632000 0.0161
1429028775000 0.0162
1429029142000 0.0161
1429030623000 0.0162
1429031386000 0.0161
1429031757000 0.0162
1429032125000 0.0161
1429032498000 0.0162
1429032889000 0.0161
1429033634000 0.0162
1429033997000 0.0161
1429035548000 0.0162
1429035923000 0.0161
1429037038000 0.0162
1429037754000 0.0161
1429038117000 0.0162
1429038492000 0.0161
1429039558000 0.0162
1429039903000 0.0161
1429041687000 0.0162
1429042748000 0.0161
1429044144000 0.0162
1429044498000 0.0161
1429045906000 0.0162
1429046259000 0.0161
1429046605000 0.0162
1429046957000 0.0161
1429047656000 0.0162
1429048705000 0.0161
1429049411000 0.0162
1429049750000 0.0161
1429050447000 0.0162
1429050800000 0.0161
1429050800000 0.0161
1429110210000 0.0162
1429110983000 0.0161
1429112789000 0.0162
1429113165000 0.0161
1429116735000 0.0162
1429117102000 0.0161
1429117451000 0.0162
1429117807000 0.0161
1429118495000 0.0162
1429119875000 0.0161
1429120910000 0.0162
1429121642000 0.0161
1429125988000 0.0162
1429126345000 0.0161
1429127433000 0.0162
1429128818000 0.0161
1429129165000 0.0162
1429129518000 0.0161
1429131277000 0.0162
1429131620000 0.0161
1429132371000 0.0162
1429132724000 0.0161
1429134133000 0.0162
1429134474000 0.0161
1429134474000 0.0161
1429196313000 0.0162
1429196665000 0.0161
1429198442000 0.0162
1429199512000 0.0161
1429199875000 0.0162
1429200232000 0.0161
1429200232000 0.0161
1429286790000 0.0161
1429286790000 0.0161
1429373227000 0.0161
1429373227000 0.0161
1429459918000 0.0161
1429459918000 0.0161
1429545241000 0.0162
1429546013000 0.0161
1429546861000 0.0162
1429547238000 0.0161
1429549639000 0.0162
1429550430000 0.0161
1429550832000 0.0162
1429552010000 0.0161
1429555560000 0.0162
1429556326000 0.0161
1429557920000 0.0162
1429558310000 0.0161
1429559468000 0.0162
1429559861000 0.0161
1429560262000 0.0162
1429561025000 0.0161
1429561790000 0.0162
1429562164000 0.0161
1429562544000 0.0162
1429562915000 0.0161
1429565606000 0.0162
1429565975000 0.0161
1429567145000 0.0162
1429567554000 0.0161
1429567978000 0.0162
1429568796000 0.0161
1429568796000 0.0161
1429626829000 0.0162
1429627213000 0.0161
1429628394000 0.0162
1429628789000 0.0161
1429630012000 0.0162
1429630415000 0.0161
1429631225000 0.0162
1429632009000 0.0161
1429632397000 0.0162
1429632800000 0.0161
1429634768000 0.0162
1429635157000 0.0161
1429635544000 0.0162
1429636330000 0.0161
1429636724000 0.0162
1429637121000 0.0161
1429639036000 0.0162
1429640220000 0.0161
1429640608000 0.0162
1429640995000 0.0161
1429640995000 0.0161
1429709522000 0.0162
1429709897000 0.0161
1429710637000 0.0162
1429711784000 0.0161
1429712545000 0.0162
1429712937000 0.0161
1429713326000 0.0162
1429715280000 0.0161
1429716862000 0.0162
1429717483000 0.0161
1429717873000 0.0162
1429718263000 0.0161
1429718660000 0.0162
1429719056000 0.0161
1429730032000 0.0162
1429730434000 0.0161
1429730774000 0.0162
1429731156000 0.0161
1429732182000 0.0162
1429732570000 0.0161
1429732946000 0.0162
1429733334000 0.0161
1429734100000 0.0162
1429734480000 0.0161
1429739597000 0.0162
1429739998000 0.0161
1429741182000 0.0162
1429741569000 0.0161
1429742606000 0.0162
1429743351000 0.0161
1429743351000 0.0161
1429801093000 0.0162
1429801865000 0.0161
1429802247000 0.0162
1429802627000 0.0161
1429803408000 0.0162
1429803780000 0.0161
1429804516000 0.0162
1429804907000 0.0161
1429806095000 0.0162
1429806469000 0.0161
1429806882000 0.0162
1429807265000 0.0161
1429808436000 0.0162
1429808814000 0.0161
1429809963000 0.0162
1429810723000 0.0161
1429811091000 0.0162
1429811469000 0.0161
1429825449000 0.0162
1429825830000 0.0161
1429827627000 0.0162
1429828396000 0.0161
1429828794000 0.0162
1429829209000 0.0161
1429829615000 0.0162
1429830388000 0.0161
1429830388000 0.0161
1429881692000 0.0162
1429882062000 0.0161
1429883531000 0.0162
1429884637000 0.0161
1429885386000 0.0162
1429886158000 0.0161
1429886545000 0.0162
1429886912000 0.0161
1429891431000 0.0162
1429892165000 0.0161
1429892890000 0.0162
1429893248000 0.0161
1429895156000 0.0162
1429895538000 0.0161
1429897774000 0.0162
1429898134000 0.0161
1429898869000 0.0162
1429899255000 0.0161
1429899998000 0.0162
1429900385000 0.0161
1429901579000 0.0162
1429901956000 0.0161
1429902342000 0.0162
1429902734000 0.0161
1429903110000 0.0162
1429903500000 0.0161
1429905054000 0.0162
1429905827000 0.0161
1429906223000 0.0162
1429907321000 0.0161
1429907707000 0.0162
1429908090000 0.0161
1429909951000 0.0162
1429910347000 0.0161
1429912216000 0.0162
1429913001000 0.0161
1429916023000 0.0162
1429916405000 0.0161
1429916405000 0.0161
1430003075000 0.0161
1430003075000 0.0161
1430089571000 0.0161
1430089571000 0.0161
1430147030000 0.0162
1430147400000 0.0161
1430148549000 0.0162
1430148922000 0.0161
1430149293000 0.0162
1430149681000 0.0161
1430150429000 0.0162
1430151946000 0.0161
1430153464000 0.0162
1430153831000 0.0161
1430156557000 0.0162
1430157694000 0.0161
1430159243000 0.0162
1430160402000 0.0161
1430163505000 0.0162
1430163918000 0.0161
1430164294000 0.0162
1430164683000 0.0161
1430165456000 0.0162
1430165829000 0.0161
1430166219000 0.0162
1430166625000 0.0161
1430167032000 0.0162
1430167440000 0.0161
1430167835000 0.0162
1430168239000 0.0161
1430168649000 0.0162
1430169060000 0.0161
1430171072000 0.0162
1430171462000 0.0161
1430171791000 0.0162
1430172135000 0.0161
1430172135000 0.0161
1430231206000 0.0162
1430231606000 0.0161
1430232008000 0.0162
1430232414000 0.0161
1430232818000 0.0162
1430233243000 0.0161
1430233669000 0.0162
1430234081000 0.0161
1430234925000 0.0162
1430235331000 0.0161
1430263061000 0.0162
1430263444000 0.0161
1430265315000 0.0162
1430266080000 0.0161
1430266080000 0.0161
1430314403000 0.0162
1430314772000 0.0161
1430315892000 0.0162
1430316693000 0.0161
1430317078000 0.0162
1430317478000 0.0161
1430317858000 0.0162
1430318253000 0.0161
1430318647000 0.0162
1430319033000 0.0161
1430319401000 0.0162
1430319786000 0.0161
1430320173000 0.0162
1430320588000 0.0161
1430320989000 0.0162
1430321777000 0.0161
1430322560000 0.0162
1430322957000 0.0161
1430346499000 0.0162
1430346890000 0.0161
1430346890000 0.0161
1430404345000 0.0162
1430405390000 0.0161
1430406397000 0.0162
1430407076000 0.0161
1430407761000 0.0162
1430408461000 0.0161
1430408819000 0.0162
1430409183000 0.0161
1430410225000 0.0162
1430410586000 0.0161
1430410938000 0.0162
1430411290000 0.0161
1430411638000 0.0162
1430411982000 0.0161
1430419415000 0.0162
1430420068000 0.0161
1430421225000 0.0162
1430421868000 0.0161
1430421868000 0.0161
1430508662000 0.0161
1430508662000 0.0161
1430595144000 0.0161
1430595144000 0.0161
1430681770000 0.0161
1430681770000 0.0161
1430765398000 0.0163
1430765881000 0.0162
1430767342000 0.0161
1430771515000 0.0162
1430771986000 0.0161
1430774361000 0.0165
1430774831000 0.0162
1430776249000 0.0161
1430776719000 0.0162
1430777650000 0.0161
1430777650000 0.0161
1430852402000 0.0162
1430853420000 0.0161
1430855406000 0.0162
1430855946000 0.0161
1430857422000 0.0162
1430858982000 0.0161
1430860516000 0.0162
1430861046000 0.0161
1430861046000 0.0161
1430947590000 0.0161
1430947590000 0.0161
1431034252000 0.0161
1431034252000 0.0161
1431118091000 0.016905
1431118810000 0.0161
1431118810000 0.0161
1431205453000 0.0161
1431205453000 0.0161
1431262965000 0.016905
1431263689000 0.0161
1431298848000 0.016905
1431299203000 0.0161
1431299555000 0.016905
1431299909000 0.0161
1431304584000 0.016905
1431304959000 0.0161
1431305701000 0.016905
1431306062000 0.0161
