1423535484000 1.0
1423622048000 1.0
1423622048000 1.0
1423708502000 1.0
1423708502000 1.0
1423795076000 1.0
1423795076000 1.0
1423881572000 1.0
1423881572000 1.0
1423968187000 1.0
1423968187000 1.0
1424054653000 1.0
1424054653000 1.0
1424141118000 1.0
1424141118000 1.0
1424227765000 1.0
1424227765000 1.0
1424314325000 1.0
1424314325000 1.0
1424400979000 1.0
1424400979000 1.0
1424487404000 1.0
1424487404000 1.0
1424573828000 1.0
1424573828000 1.0
1424660387000 1.0
1424660387000 1.0
1424746913000 1.0
1424746913000 1.0
1424833348000 1.0
1424833348000 1.0
1424919826000 1.0
1424919826000 1.0
1425006433000 1.0
1425006433000 1.0
1425092850000 1.0
1425092850000 1.0
1425179482000 1.0
1425179482000 1.0
1425266080000 1.0
1425266080000 1.0
1425352758000 1.0
1425352758000 1.0
1425439267000 1.0
1425439267000 1.0
1425525932000 1.0
1425525932000 1.0
1425612588000 1.0
1425612588000 1.0
1425699049000 1.0
1425699049000 1.0
1425785618000 1.0
1425785618000 1.0
1425872094000 1.0
1425785618000 1.0
1425958571000 1.0
1425958571000 1.0
1426045089000 1.0
1426045089000 1.0
1426130867000 0.0321
1426130867000 0.0321
1426217467000 0.0321
1426217467000 0.0321
1426303906000 0.0321
1426303906000 0.0321
1426390621000 0.0321
1426390621000 0.0321
1426415568000 0.06
1426415992000 0.0321
1426415992000 0.0321
1426502589000 0.0321
1426502589000 0.0321
1426589033000 0.0321
1426589033000 0.0321
1426675516000 0.0321
1426675516000 0.0321
1426762017000 0.0321
1426810508000 0.0322
1426811720000 0.0321
1426812114000 0.0322
1426812855000 0.0321
1426812855000 0.0321
1426899450000 0.0321
1426899450000 0.0321
1426985960000 0.0321
1426985960000 0.0321
1427072535000 0.0321
1427072535000 0.0321
1427159025000 0.0321
1427159025000 0.0321
1427245452000 0.0321
1427245452000 0.0321
1427274156000 0.05
1427274501000 0.0321
1427291339000 0.0322
1427292051000 0.0321
1427296423000 0.0322
1427298096000 0.0321
1427302469000 0.0322
1427304022000 0.0321
1427304022000 0.0321
1427387450000 0.05
1427387754000 0.0321
1427391225000 0.0322
1427391583000 0.0321
1427403444000 0.0322
1427407023000 0.0321
1427407703000 0.0322
1427408030000 0.0321
1427408030000 0.0321
1427486089000 0.04
1427486560000 0.0321
1427487687000 0.04
1427488059000 0.0321
1427488059000 0.0321
1427574491000 0.0321
1427574491000 0.0321
1427661233000 0.0321
1427661233000 0.0321
1427747713000 0.0321
1427747713000 0.0321
1427834406000 0.0321
1427834406000 0.0321
1427920840000 0.0321
1427920840000 0.0321
1428007438000 0.0321
1428007438000 0.0321
1428093895000 0.0321
1428093895000 0.0321
1428180368000 0.0321
1428195198000 0.0322
1428196233000 0.0321
1428199513000 0.0322
1428200533000 0.0321
1428201539000 0.0322
1428201852000 0.0321
1428201852000 0.0321
1428257742000 0.0322
1428258299000 0.0321
1428264803000 0.0322
1428269752000 0.0321
1428270422000 0.0322
1428271096000 0.0321
1428271427000 0.0322
1428272098000 0.0321
1428272438000 0.0322
1428272758000 0.0321
1428274719000 0.0322
1428278644000 0.0321
1428278644000 0.0321
1428339349000 0.0322
1428339712000 0.0321
1428340443000 0.0322
1428349901000 0.0323
1428350241000 0.0322
1428352699000 0.0323
1428353046000 0.0322
1428355963000 0.0321
1428356309000 0.0322
1428357012000 0.0321
1428359461000 0.0322
1428360156000 0.0321
1428360156000 0.0321
1428439675000 0.0322
1428440360000 0.0321
1428440702000 0.0322
1428442557000 0.0321
1428442925000 0.0322
1428443291000 0.0321
1428448864000 0.0322
1428449225000 0.0321
1428454058000 0.0322
1428462624000 0.0321
1428462624000 0.0321
1428506572000 0.0322
1428507682000 0.0321
1428508067000 0.0322
1428510743000 0.0321
1428511100000 0.0322
1428512248000 0.0321
1428512618000 0.0322
1428513377000 0.0321
1428514474000 0.0322
1428521549000 0.0324
1428522008000 0.0323
1428522440000 0.0324
1428522827000 0.0323
1428525616000 0.0324
1428526008000 0.0323
1428528704000 0.0321
1428529810000 0.0322
1428531987000 0.0321
1428533871000 0.0322
1428534273000 0.0321
1428534635000 0.0322
1428546285000 0.0321
1428546642000 0.0322
1428550914000 0.0321
1428551260000 0.0322
1428551260000 0.0322
1428561464000 0.0321
1428588271000 0.0322
1428588627000 0.0321
1428589003000 0.0322
1428593261000 0.0323
1428594346000 0.0322
1428597573000 0.0323
1428598314000 0.0322
1428599432000 0.0323
1428614778000 0.0324
1428615142000 0.0323
1428617666000 0.0322
1428627286000 0.0323
1428629072000 0.0322
1428630141000 0.0323
1428630878000 0.0322
1428630878000 0.0322
1428655749000 0.0321
1428656105000 0.0322
1428682355000 0.0323
1428683475000 0.0322
1428684960000 0.0323
1428685340000 0.0322
1428686472000 0.0323
1428689777000 0.0324
1428690778000 0.0323
1428691149000 0.0324
1428693704000 0.0323
1428694059000 0.0324
1428695561000 0.0323
1428697044000 0.0324
1428697395000 0.0323
1428699903000 0.0324
1428700282000 0.0323
1428704981000 0.0322
1428704981000 0.0322
1428749042000 0.0321
1428750148000 0.0322
1428753954000 0.0321
1428754716000 0.0322
1428756243000 0.0321
1428758955000 0.0322
1428775123000 0.0321
1428775496000 0.0322
1428790394000 0.0321
1428796822000 0.0322
1428810420000 0.0321
1428811487000 0.0322
1428812552000 0.0321
1428813264000 0.0322
1428813619000 0.0321
1428813619000 0.0321
1428847300000 0.0322
1428850536000 0.0321
1428853401000 0.0322
1428855199000 0.0321
1428856654000 0.0322
1428857022000 0.0321
1428857388000 0.0322
1428858497000 0.0321
1428904147000 0.0322
1428904530000 0.0321
1428905266000 0.0322
1428906005000 0.0321
1428906005000 0.0321
1428910052000 0.0322
1428911545000 0.0321
1428912302000 0.0322
1428914149000 0.0321
1428915986000 0.0322
1428933549000 0.0323
1428933935000 0.0322
1428935504000 0.0323
1428938276000 0.0324
1428939076000 0.0323
1428941958000 0.0324
1428942756000 0.0323
1428943166000 0.0324
1428943988000 0.0323
1428948084000 0.0324
1428948917000 0.0323
1428951684000 0.0322
1428952483000 0.0323
1428952877000 0.0322
1428953267000 0.0323
1428953660000 0.0322
1428954046000 0.0323
1428955969000 0.0325
1428956348000 0.0324
1428957509000 0.0323
1428957886000 0.0324
1428958257000 0.0323
1428959768000 0.0322
1428973028000 0.0323
1428973385000 0.0322
1428988436000 0.0321
1428988436000 0.0321
1429023685000 0.0322
1429034578000 0.0323
1429036122000 0.0322
1429036495000 0.0323
1429036871000 0.0322
1429045738000 0.0321
1429045738000 0.0321
1429085011000 0.0322
1429085709000 0.0321
1429088751000 0.0322
1429092550000 0.0323
1429092902000 0.0322
1429098462000 0.0321
1429102755000 0.0322
1429109663000 0.0323
1429110784000 0.0324
1429112614000 0.0323
1429115526000 0.0324
1429115862000 0.0323
1429120744000 0.0322
1429122929000 0.0323
1429124001000 0.0322
1429124355000 0.0323
1429125079000 0.0322
1429125444000 0.0323
1429126166000 0.0322
1429126532000 0.0323
1429126912000 0.0322
1429127259000 0.0323
1429127945000 0.0322
1429128298000 0.0323
1429130391000 0.0322
1429131450000 0.0323
1429132201000 0.0322
1429138533000 0.0321
1429138890000 0.0322
1429143871000 0.0321
1429149554000 0.0322
1429150984000 0.0321
1429152407000 0.0322
1429152760000 0.0321
1429153104000 0.0322
1429153821000 0.0321
1429166124000 0.0322
1429166124000 0.0322
1429181975000 0.0321
1429182340000 0.0322
1429185115000 0.0321
1429186197000 0.0322
1429194357000 0.0323
1429197559000 0.0324
1429197913000 0.0323
1429198978000 0.0324
1429199335000 0.0323
1429199695000 0.0324
1429201159000 0.0322
1429201524000 0.0324
1429202960000 0.0323
1429203677000 0.0324
1429205105000 0.0323
1429209821000 0.0322
1429212396000 0.0323
1429217339000 0.0322
1429219954000 0.0323
1429220302000 0.0322
1429220979000 0.0323
1429221658000 0.0322
1429223061000 0.0323
1429224454000 0.0322
1429224808000 0.0323
1429225830000 0.0322
1429226161000 0.0323
1429229866000 0.0322
1429230260000 0.0323
1429231698000 0.0324
1429232342000 0.0323
1429232694000 0.0324
1429232998000 0.0325
1429233676000 0.0324
1429234969000 0.0323
1429236347000 0.0322
1429239879000 0.0321
1429240219000 0.0322
1429243992000 0.0321
1429244348000 0.0322
1429246745000 0.0321
1429247105000 0.0322
1429251169000 0.0321
1429251474000 0.0322
1429251474000 0.0322
1429253444000 0.0321
1429253734000 0.0322
1429257925000 0.0323
1429259235000 0.0322
1429261160000 0.0323
1429261508000 0.0322
1429261872000 0.0323
1429263577000 0.0322
1429263918000 0.0323
1429264960000 0.0322
1429266389000 0.0323
1429266744000 0.0322
1429274447000 0.0323
1429274809000 0.0322
1429281200000 0.04
1429281554000 0.0322
1429287707000 0.0324
1429288073000 0.0322
1429290453000 0.0323
1429290759000 0.0325
1429291118000 0.0323
1429292451000 0.0322
1429293104000 0.0323
1429293407000 0.0322
1429294429000 0.0323
1429294783000 0.0322
1429306624000 0.0323
1429306959000 0.0322
1429316900000 0.0321
1429317633000 0.0322
1429321315000 0.0321
1429321315000 0.0321
1429407974000 0.0321
1429407974000 0.0321
1429444109000 0.0322
1429451522000 0.0321
1429455612000 0.0322
1429457348000 0.0321
1429489068000 0.0322
1429490181000 0.0321
1429490574000 0.0322
1429494973000 0.0321
1429509995000 0.0322
1429510363000 0.0321
1429510363000 0.0321
1429522101000 0.0322
1429522458000 0.0321
1429524531000 0.0322
1429524885000 0.0321
1429533500000 0.0322
1429542360000 0.0323
1429545814000 0.0322
1429546654000 0.0323
1429549833000 0.0324
1429551426000 0.0323
1429552635000 0.0324
1429553025000 0.0323
1429553424000 0.0322
1429555737000 0.0323
1429557328000 0.0324
1429557736000 0.0325
1429558885000 0.0323
1429560067000 0.0324
1429561218000 0.0325
1429562729000 0.0323
1429563114000 0.0324
1429564294000 0.0325
1429565796000 0.0324
1429566568000 0.0323
1429568186000 0.0322
1429569816000 0.0321
1429569816000 0.0321
1429636136000 0.0322
1429636928000 0.0321
1429637693000 0.0322
1429638075000 0.0321
1429638447000 0.0322
1429639645000 0.0321
1429640030000 0.0322
1429643478000 0.0323
1429647695000 0.04
1429648104000 0.0323
1429650035000 0.0322
1429653518000 0.0321
1429664019000 0.0322
1429664390000 0.0321
1429664764000 0.0322
1429665566000 0.0323
1429666756000 0.0322
1429667135000 0.0323
1429668295000 0.0322
1429673219000 0.0321
1429682680000 0.0322
1429683442000 0.0321
1429683442000 0.0321
1429690147000 0.0322
1429690524000 0.0321
1429693456000 0.0322
1429693859000 0.0323
1429694224000 0.0322
1429697118000 0.0323
1429697491000 0.0322
1429707449000 0.0321
1429713513000 0.0322
1429714284000 0.0321
1429715082000 0.0322
1429715461000 0.0321
1429715859000 0.0322
1429718453000 0.0321
1429721643000 0.04
1429722423000 0.0322
1429725910000 0.0321
1429726295000 0.0322
1429726686000 0.0321
1429727844000 0.0322
1429728241000 0.0321
1429730622000 0.0322
1429730959000 0.0321
1429731660000 0.0322
1429732369000 0.0321
1429738186000 0.0322
1429738972000 0.0321
1429743129000 0.0322
1429745337000 0.0321
1429745337000 0.0321
1429798968000 0.0322
1429800883000 0.0323
1429801284000 0.0322
1429809002000 0.0323
1429810904000 0.0324
1429811276000 0.0323
1429812441000 0.0322
1429820682000 0.0321
1429822258000 0.0322
1429822646000 0.0321
1429823433000 0.0322
1429824195000 0.0321
1429829001000 0.0322
1429829811000 0.0321
1429830200000 0.0322
1429832514000 0.0321
1429832514000 0.0321
1429861762000 0.0322
1429862864000 0.0323
1429863223000 0.0322
1429865351000 0.0321
1429866466000 0.0322
1429866841000 0.0321
1429867198000 0.0322
1429867559000 0.0321
1429867559000 0.0321
1429954195000 0.0321
1429954195000 0.0321
1430040623000 0.0321
1430040623000 0.0321
1430127191000 0.0321
1430155969000 0.0322
1430156354000 0.0321
1430158283000 0.0322
1430165635000 0.05
1430166412000 0.0322
1430166810000 0.0321
1430167221000 0.0322
1430168036000 0.0323
1430171257000 0.0322
1430173095000 0.0323
1430175397000 0.0322
1430180247000 0.0321
1430182284000 0.0322
1430186231000 0.0321
1430187006000 0.0322
1430187780000 0.0321
1430194690000 0.0322
1430195838000 0.0321
1430197386000 0.0322
1430197386000 0.0322
1430208324000 0.0324
1430209128000 0.0323
1430209532000 0.0322
1430215816000 0.0323
1430216206000 0.0322
1430219395000 0.0323
1430219783000 0.0322
1430220167000 0.0323
1430222532000 0.0322
1430223344000 0.0323
1430226150000 0.0324
1430226553000 0.0325
1430226959000 0.0322
1430228143000 0.0321
1430229350000 0.0322
1430233021000 0.0323
1430233889000 0.0322
1430234299000 0.0323
1430235138000 0.0324
1430235965000 0.0323
1430236790000 0.0324
1430237654000 0.0323
1430238958000 0.0324
1430240246000 0.0325
1430241083000 0.0327
1430241500000 0.0328
1430241922000 0.0325
1430242347000 0.0326
1430242759000 0.0325
1430243605000 0.0326
1430244015000 0.0324
1430244434000 0.0323
1430245302000 0.0322
1430245730000 0.0323
1430247000000 0.0324
1430247416000 0.0323
1430247851000 0.0324
1430248697000 0.0323
1430253241000 0.0322
1430254860000 0.0323
1430255312000 0.0325
1430256525000 0.0324
1430257748000 0.0323
1430258140000 0.0322
1430260114000 0.0323
1430266690000 0.0322
1430268677000 0.0323
1430269839000 0.0325
1430270240000 0.0326
1430271411000 0.0325
1430271791000 0.0326
1430272170000 0.0325
1430272554000 0.0323
1430272925000 0.0322
1430277109000 0.0323
1430277475000 0.0322
1430284095000 0.0323
1430284464000 0.0324
1430285179000 0.0323
1430285535000 0.0327
1430285919000 0.0325
1430286293000 0.0326
1430287054000 0.0325
1430287436000 0.0328
1430287814000 0.0326
1430288180000 0.0324
1430289334000 0.0323
1430289334000 0.0323
1430291176000 0.0324
1430291532000 0.0323
1430292250000 0.0324
1430292970000 0.0323
1430294786000 0.0326
1430295524000 0.0323
1430301034000 0.0322
1430301762000 0.0323
1430302133000 0.0324
1430302858000 0.0323
1430303216000 0.0322
1430307355000 0.0323
1430307724000 0.0322
1430308092000 0.0323
1430308861000 0.0322
1430310006000 0.0323
1430311167000 0.0322
1430311914000 0.0323
1430312648000 0.0322
1430313050000 0.0323
1430313820000 0.0322
1430315704000 0.0321
1430316088000 0.0322
1430317269000 0.0323
1430318052000 0.0324
1430318446000 0.0326
1430318835000 0.0329
1430319207000 0.0327
1430319589000 0.0325
1430319973000 0.0327
1430320373000 0.0326
1430320786000 0.0327
1430321180000 0.0326
1430322354000 0.0325
1430324732000 0.0324
1430325985000 0.0325
1430326378000 0.0326
1430326785000 0.0325
1430327197000 0.0328
1430327589000 0.0325
1430328821000 0.0324
1430330482000 0.0323
1430331320000 0.0322
1430343945000 0.04
1430344330000 0.0322
1430344706000 0.0321
1430348260000 0.0322
1430348649000 0.04
1430349395000 0.0322
1430355093000 0.0323
1430356704000 0.0322
1430358538000 0.0321
1430359182000 0.0322
1430361513000 0.0323
1430362803000 0.0322
1430363139000 0.0323
1430363920000 0.0322
1430370231000 0.0323
1430373521000 0.0322
1430373849000 0.0323
1430374512000 0.0322
1430374512000 0.0322
1430376225000 0.0323
1430377023000 0.0322
1430381264000 0.0323
1430382011000 0.0322
1430388503000 0.0323
1430389463000 0.0322
1430397899000 0.0323
1430399015000 0.0324
1430399359000 0.0323
1430400387000 0.0324
1430401750000 0.0325
1430402090000 0.0324
1430402775000 0.0323
1430403131000 0.0324
1430405235000 0.0325
1430405569000 0.0324
1430406916000 0.0325
1430407271000 0.0324
1430407943000 0.0325
1430409031000 0.0324
1430410412000 0.04
1430411473000 0.0324
1430412527000 0.0323
1430413597000 0.0324
1430414288000 0.0323
1430414986000 0.0325
1430416038000 0.0324
1430417064000 0.0323
1430418160000 0.0322
1430419717000 0.04
1430421672000 0.0324
1430422104000 0.0325
1430422531000 0.0329
1430423364000 0.033
1430423778000 0.0333
1430424187000 0.0336
1430424595000 0.034
1430425016000 0.0351
1430425444000 0.0352
1430425868000 0.0351
1430426280000 0.0389
1430426689000 0.0367
1430427093000 0.037
1430427490000 0.0368
1430427916000 0.0352
1430428298000 0.0343
1430428702000 0.0346
1430429118000 0.0336
1430429522000 0.0364
1430429902000 0.0351
1430430294000 0.0338
1430430677000 0.0335
1430431060000 0.0332
1430431447000 0.033
1430431832000 0.0331
1430432226000 0.0328
1430432616000 0.0326
1430433388000 0.0325
1430433780000 0.0326
1430434926000 0.0325
1430435691000 0.0324
1430436482000 0.0323
1430437257000 0.0324
1430437652000 0.0325
1430438426000 0.0326
1430439286000 0.0327
1430439700000 0.0325
1430441358000 0.0329
1430441760000 0.0333
1430442163000 0.033
1430442550000 0.0328
1430442945000 0.033
1430443363000 0.0329
1430443775000 0.0331
1430444173000 0.0329
1430445350000 0.0323
1430448174000 0.0322
1430450908000 0.0323
1430453204000 0.0324
1430453969000 0.0323
1430455861000 0.0322
1430458174000 0.0321
1430460929000 0.0322
1430460929000 0.0322
1430464882000 0.0321
1430467766000 0.0322
1430468210000 0.0321
1430482684000 0.0322
1430483623000 0.0321
1430485900000 0.0322
1430489265000 0.0323
1430493456000 0.0325
1430493947000 0.0323
1430495851000 0.0324
1430496328000 0.0323
1430496783000 0.0328
1430497276000 0.0326
1430497763000 0.0324
1430498222000 0.0323
1430498684000 0.0324
1430500571000 0.0325
1430501049000 0.0326
1430502434000 0.0325
1430502892000 0.0324
1430504275000 0.0323
1430504731000 0.0325
1430505194000 0.0324
1430511175000 0.0323
1430512561000 0.0322
1430513012000 0.0323
1430514417000 0.0327
1430514871000 0.0332
1430515339000 0.0331
1430515814000 0.0336
1430516290000 0.0334
1430516760000 0.036
1430517224000 0.0352
1430517706000 0.0342
1430518150000 0.035
1430518600000 0.0326
1430520390000 0.0329
1430520843000 0.0328
1430521296000 0.0327
1430522619000 0.0329
1430523043000 0.0328
1430523937000 0.0327
1430524804000 0.0326
1430526151000 0.0325
1430527061000 0.0324
1430528029000 0.033
1430528460000 0.0337
1430528918000 0.0336
1430529378000 0.0328
1430529845000 0.0327
1430530302000 0.0328
1430530783000 0.0327
1430531239000 0.0326
1430532109000 0.0322
1430532997000 0.0323
1430533427000 0.0322
1430541690000 0.0321
1430541690000 0.0321
1430551399000 0.0322
1430554278000 0.0324
1430555157000 0.0323
1430559574000 0.0322
1430561308000 0.0323
1430561721000 0.0322
1430566875000 0.0321
1430584290000 0.0322
1430586100000 0.0323
1430586973000 0.0324
1430587436000 0.0325
1430587876000 0.0324
1430588310000 0.0325
1430593152000 0.0326
1430594049000 0.0325
1430594495000 0.0326
1430594923000 0.0325
1430596645000 0.0324
1430598362000 0.0323
1430599223000 0.0324
1430600076000 0.0323
1430600933000 0.0322
1430601376000 0.0323
1430602244000 0.0322
1430602665000 0.0323
1430603970000 0.0322
1430607382000 0.0321
1430608652000 0.0322
1430611301000 0.0323
1430613158000 0.0324
1430614104000 0.0327
1430614561000 0.0336
1430614999000 0.0337
1430615477000 0.0338
1430615942000 0.0339
1430616402000 0.0338
1430617299000 0.0346
1430617726000 0.0336
1430618162000 0.0324
1430618597000 0.0325
1430620792000 0.0324
1430621217000 0.0325
1430621663000 0.0324
1430622598000 0.0325
1430623037000 0.0324
1430623916000 0.0323
1430627809000 0.0324
1430628236000 0.0323
1430628657000 0.0324
1430629082000 0.0323
1430634731000 0.0322
1430634731000 0.0322
1430645412000 0.0321
1430662585000 0.0322
1430664739000 0.0321
1430666471000 0.0322
1430700288000 0.0324
1430700741000 0.0326
1430702102000 0.0327
1430702548000 0.0326
1430702989000 0.0325
1430703420000 0.0326
1430703879000 0.0325
1430704733000 0.0322
1430705179000 0.0323
1430706509000 0.0322
1430709109000 0.0323
1430709567000 0.0322
1430712617000 0.0323
1430713516000 0.0324
1430714828000 0.0326
1430715691000 0.0327
1430716153000 0.0329
1430716590000 0.0331
1430717022000 0.033
1430717453000 0.0332
1430718336000 0.0334
1430718781000 0.0338
1430719233000 0.0339
1430719704000 0.0336
1430720156000 0.0338
1430720591000 0.0341
1430721031000 0.0363
1430721031000 0.0363
1430721920000 0.0343
1430722364000 0.0381
1430722765000 0.0347
1430723208000 0.0354
1430723653000 0.0359
1430724084000 0.0346
1430724530000 0.0356
1430724982000 0.0381
1430725412000 0.0486
1430725836000 0.05
1430726274000 0.052
1430726711000 0.0639
1430727163000 0.0386
1430727587000 0.09
1430728032000 0.14
1430728933000 0.0525
1430729810000 0.0482
1430730261000 0.0415
1430730727000 0.0495
1430731170000 0.21
1430731610000 0.25
1430732063000 0.0369
1430732494000 0.0978
1430732908000 0.0464
1430733328000 0.0393
1430733761000 0.2578
1430734205000 0.0433
1430734640000 0.0977
1430735066000 0.0345
1430735504000 0.0355
1430735952000 0.0521
1430736371000 0.06
1430736841000 0.0326
1430737280000 0.2
1430737740000 0.0335
1430738177000 0.0325
1430738636000 0.0323
1430739553000 0.0325
1430739988000 0.0326
1430740852000 0.0322
1430744760000 0.0323
1430745641000 0.0324
1430746092000 0.0325
1430746529000 0.0329
1430747380000 0.033
1430747823000 0.0331
1430748257000 0.035
1430748740000 0.04
1430749194000 0.0515
1430749644000 0.221
1430750103000 0.0476
1430750561000 0.034
1430750998000 0.0336
1430751474000 0.0342
1430751923000 0.0353
1430752362000 0.0387
1430752817000 0.0516
1430753296000 0.0477
1430753764000 0.0757
1430754225000 0.0501
1430754680000 0.08
1430755152000 0.0409
1430755621000 0.0432
1430756079000 0.0554
1430756566000 0.0432
1430757025000 0.0578
1430757487000 0.0366
1430757939000 0.0467
1430758403000 0.08
1430758870000 0.06
1430759354000 0.0488
1430759838000 0.0459
1430760348000 0.0693
1430760833000 0.0353
1430761322000 0.0364
1430761820000 0.0349
1430762328000 0.0425
1430762819000 0.0412
1430763750000 0.04
1430764227000 0.08
1430764706000 0.0466
1430765167000 0.0532
1430765653000 0.0756
1430766133000 0.0443
1430766612000 0.0458
1430767103000 0.1
1430767593000 0.0552
1430768058000 0.05
1430768512000 0.043
1430768987000 0.0408
1430769464000 0.0401
1430769939000 0.0341
1430770381000 0.043
1430770856000 0.036
1430771298000 0.0487
1430771756000 0.043
1430772220000 0.05
1430772698000 0.043
1430773172000 0.0358
1430773643000 0.0368
1430774124000 0.0355
1430774598000 0.0515
1430775064000 0.0346
1430775539000 0.0377
1430776019000 0.0487
1430776487000 0.0552
1430776958000 0.036
1430777426000 0.0356
1430777893000 0.0487
1430778341000 0.0413
1430778790000 0.04
1430779694000 0.0374
1430780138000 0.036
1430780602000 0.035
1430781068000 0.0359
1430781550000 0.0361
1430782015000 0.036
1430782470000 0.08
1430782923000 0.0402
1430783378000 0.04
1430783822000 0.0389
1430784269000 0.04
1430786222000 0.0329
1430787214000 0.0452
1430787679000 0.04
1430788170000 0.0384
1430788658000 0.0339
1430789160000 0.0391
1430789654000 0.0384
1430790154000 0.06
1430790629000 0.0431
1430791109000 0.0327
1430791599000 0.0332
1430792583000 0.0327
1430793063000 0.0328
1430793540000 0.0327
1430794531000 0.0332
1430794965000 0.0327
1430795452000 0.0353
1430795942000 0.0359
1430796435000 0.0361
1430796916000 0.034
1430797398000 0.0338
1430797883000 0.0342
1430798349000 0.0335
1430798835000 0.0363
1430799286000 0.0419
1430799715000 0.0382
1430800200000 0.0357
1430800667000 0.0346
1430801130000 0.0392
1430801594000 0.0376
1430802068000 0.0372
1430802544000 0.08
1430803017000 0.2
1430803476000 0.221
1430804870000 0.042
1430805369000 0.0403
1430805847000 0.221
1430806861000 0.0454
1430807372000 0.0425
1430807372000 0.0425
1430807859000 0.04
1430808851000 0.0405
1430809343000 0.221
1430809833000 0.0505
1430810317000 0.1
1430810785000 0.0537
1430811240000 0.04
1430811690000 0.043
1430812177000 0.0363
1430812647000 0.0425
1430813134000 0.039
1430813616000 0.0412
1430814078000 0.0358
1430814551000 0.035
1430815015000 0.0347
1430815488000 0.0342
1430815946000 0.034
1430816408000 0.0341
1430816913000 0.0363
1430817376000 0.0355
1430817843000 0.0394
1430818310000 0.04
1430818780000 0.0363
1430819243000 0.0356
1430819701000 0.0362
1430820166000 0.0374
1430820649000 0.1
1430821127000 0.0336
1430821603000 0.0338
1430822072000 0.0335
1430822563000 0.0332
1430823051000 0.0329
1430824045000 0.033
1430824552000 0.0328
1430825025000 0.0331
1430825512000 0.0328
1430825975000 0.0351
1430826446000 0.0356
1430826929000 0.0385
1430827404000 0.0326
1430827905000 0.0338
1430828364000 0.0351
1430828872000 0.0355
1430829355000 0.0336
1430830321000 0.0453
1430830811000 0.0373
1430831306000 0.2
1430831809000 0.0329
1430832328000 0.0338
1430832822000 0.0346
1430833325000 0.04
1430833837000 0.21
1430834342000 0.0433
1430834861000 0.25
1430835387000 0.0758
1430835905000 0.0695
1430836401000 0.0555
1430836897000 0.25
1430837402000 0.0555
1430837929000 0.0349
1430838456000 0.1
1430838974000 0.0758
1430839492000 0.0439
1430839995000 0.0502
1430840519000 0.041
1430841029000 0.0427
1430841529000 0.1206
1430842038000 0.221
1430843022000 0.0503
1430843543000 0.0759
1430844039000 0.0453
1430844576000 0.221
1430857682000 0.0494
1430858205000 0.0411
1430858726000 0.0375
1430859240000 0.105
1430859755000 0.0432
1430860283000 0.0482
1430860808000 0.121
1430861313000 0.0583
1430861849000 0.0373
1430862357000 0.0391
1430862872000 0.0417
1430863416000 0.0436
1430863931000 0.037
1430864442000 0.0373
1430864956000 0.0376
1430865468000 0.0377
1430865979000 0.0396
1430866485000 0.0402
1430866999000 0.0345
1430867498000 0.0339
1430868000000 0.0336
1430868530000 0.0334
1430869059000 0.033
1430870055000 0.0328
1430870551000 0.0329
1430871070000 0.0367
1430871599000 0.0354
1430872108000 0.0346
1430872644000 0.0351
1430873198000 0.0458
1430873764000 0.0391
1430874276000 0.0409
1430874792000 0.04
1430875333000 0.0368
1430875870000 0.0353
1430876397000 0.0372
1430876907000 0.0368
1430877415000 0.0325
1430877891000 0.0329
1430878387000 0.0327
1430878895000 0.0329
1430879405000 0.0327
1430880495000 0.0328
1430880971000 0.0329
1430881442000 0.033
1430882427000 0.0326
1430883423000 0.0325
1430884861000 0.0324
1430886273000 0.0323
1430888698000 0.0324
1430889679000 0.0323
1430891129000 0.0324
1430892117000 0.0325
1430892628000 0.0329
1430893144000 0.0326
1430894138000 0.0325
1430894138000 0.0325
1430895544000 0.0324
1430897899000 0.0323
1430898363000 0.0331
1430898810000 0.033
1430899225000 0.0325
1430899667000 0.0326
1430900128000 0.0325
1430900570000 0.0324
1430903385000 0.0325
1430903879000 0.0323
1430904351000 0.0324
1430904823000 0.0323
1430905299000 0.0328
1430905758000 0.0518
1430906247000 0.0503
1430906708000 0.058
1430907179000 0.0479
1430907664000 0.033
1430908135000 0.0419
1430908563000 0.0404
1430909039000 0.039
1430909504000 0.0354
1430909975000 0.0439
1430910491000 0.0398
1430910981000 0.0554
1430911471000 0.0397
1430911975000 0.0368
1430912456000 0.5
1430912952000 0.25
1430913427000 0.3
1430914412000 0.25
1430915382000 0.0393
1430915863000 0.0349
1430916833000 0.18
1430917323000 0.065
1430917805000 0.0851
1430918301000 0.0698
1430918797000 0.0583
1430919270000 0.0538
1430919738000 0.18
1430920229000 0.04
1430920743000 0.0414
1430921240000 0.0442
1430921730000 0.18
1430922224000 0.0448
1430922708000 0.0344
1430923214000 0.18
1430923708000 0.0506
1430924197000 0.1209
1430924694000 0.18
1430925705000 0.0506
1430926211000 0.18
1430926696000 0.0697
1430927184000 0.0389
1430927664000 0.0442
1430928178000 0.0448
1430928688000 0.0442
1430929205000 0.0378
1430929718000 0.25
1430930229000 0.04
1430930735000 0.25
1430931246000 0.0649
1430931767000 0.25
1430932282000 0.3
1430932779000 0.0358
1430933302000 0.04
1430933826000 0.18
1430934322000 0.0412
1430934821000 0.0424
1430935335000 0.25
1430935854000 0.18
1430936356000 0.0416
1430936850000 0.25
1430937349000 0.221
1430937847000 0.0481
1430938328000 0.0492
1430938838000 0.1657
1430939338000 0.221
1430940342000 0.1209
1430940823000 0.0382
1430941327000 0.0492
1430941860000 0.221
1430944363000 0.5
1430944845000 0.221
1430946373000 0.0399
1430946871000 0.221
1430947344000 0.0332
1430947812000 0.0352
1430948299000 0.0358
1430948780000 0.035
1430949282000 0.0352
1430949785000 0.0358
1430950254000 0.0381
1430950736000 0.037
1430951207000 0.039
1430951665000 0.0367
1430952136000 0.0371
1430952606000 0.0344
1430953074000 0.0348
1430953557000 0.0352
1430954032000 0.0347
1430954991000 0.0336
1430955466000 0.0339
1430955952000 0.0328
1430956906000 0.0329
1430957400000 0.0326
1430958905000 0.0325
1430959934000 0.0335
1430960431000 0.0346
1430960937000 0.0352
1430961464000 0.0344
1430961983000 0.0346
1430962486000 0.0326
1430962986000 0.0328
1430963480000 0.0325
1430963982000 0.0322
1430964495000 0.0325
1430964999000 0.168
1430965493000 0.221
1430971834000 0.052
1430972314000 0.221
1430972789000 0.0649
1430973234000 0.0455
1430973699000 0.0436
1430974160000 0.0557
1430974626000 0.085
1430975089000 0.065
1430975559000 0.0582
1430976004000 0.0398
1430976442000 0.0697
1430976882000 0.0985
1430977349000 0.0441
1430977809000 0.0557
1430978263000 0.0388
1430978741000 0.0377
1430979213000 0.15
1430979681000 0.0556
1430980172000 0.15
1430980172000 0.15
1430980655000 0.04
1430981149000 0.0419
1430981614000 0.0848
1430982069000 0.0381
1430982531000 0.0503
1430982975000 0.15
1430983888000 0.0695
1430984298000 0.0849
1430985170000 0.15
1430985580000 0.0849
1430986047000 0.0648
1430986516000 0.0984
1430986975000 0.15
1430987450000 0.147
1430987951000 0.221
1430988435000 0.0334
1430988911000 0.105
1430989383000 0.221
1430990795000 0.3
1430991295000 0.221
1430991794000 0.0344
1430992267000 0.221
1430994946000 0.0652
1430995398000 0.1211
1430995841000 0.0585
1430996289000 0.221
1430996781000 0.3
1430997259000 0.221
1430997731000 0.25
1430998191000 0.221
1431004751000 0.21
1431005227000 0.221
1431007139000 0.0401
1431007629000 0.221
1431008105000 0.0701
1431008605000 0.0541
1431009124000 0.221
1431010114000 0.25
1431011084000 0.3
1431012088000 0.5
1431012585000 0.0326
1431013096000 0.038
1431013565000 0.18
1431014039000 0.0364
1431014509000 0.0344
1431014989000 0.3
1431015967000 0.4
1431016457000 0.25
1431016933000 0.3
1431017414000 0.0416
1431017899000 0.054
1431018380000 0.25
1431019373000 0.221
1431022324000 0.0853
1431022849000 0.0764
1431023382000 0.0495
1431023869000 0.18
1431024376000 0.221
1431024857000 0.1211
1431025374000 0.221
1431039715000 0.0561
1431040107000 0.07
1431040496000 0.221
1431041258000 0.0445
1431041627000 0.0396
1431042363000 0.04
1431042724000 0.0381
1431043086000 0.0368
1431043488000 0.036
1431043944000 0.0409
1431044365000 0.0585
1431044777000 0.0475
1431045172000 0.042
1431045589000 0.0377
1431045988000 0.0396
1431046384000 0.0398
1431046782000 0.0379
1431047175000 0.0362
1431047573000 0.0325
1431047996000 0.0323
1431050443000 0.0324
1431051254000 0.0323
1431054790000 0.0322
1431058538000 0.0323
1431061110000 0.0322
1431061504000 0.0323
1431061896000 0.0324
1431062267000 0.0325
1431062662000 0.0324
1431064164000 0.0323
1431065397000 0.0324
1431065777000 0.0323
1431066161000 0.0324
1431066161000 0.0324
1431068021000 0.0323
1431071347000 0.0322
1431071707000 0.0323
1431072060000 0.0322
1431074232000 0.0323
1431074601000 0.0322
1431074966000 0.0323
1431077183000 0.0322
1431082992000 0.0321
1431084103000 0.0322
1431084461000 0.0321
1431087385000 0.0322
1431092283000 0.0323
1431092689000 0.0322
1431094601000 0.0323
1431097303000 0.0324
1431098064000 0.0323
1431098427000 0.0324
1431098797000 0.0325
1431100336000 0.0324
1431100721000 0.0325
1431101478000 0.0326
1431101874000 0.0328
1431102694000 0.038
1431103130000 0.18
1431103509000 0.3
1431106238000 0.25
1431106635000 0.3
1431109769000 0.25
1431110157000 0.21
1431110564000 0.25
1431110954000 0.3
1431111326000 0.25
1431112889000 0.3
1431113291000 0.25
1431113671000 0.3
1431114049000 0.25
1431114424000 0.0764
1431114817000 0.0439
1431115208000 0.0416
1431115589000 0.15
1431115956000 0.25
1431116702000 0.21
1431117517000 0.3
1431120532000 0.25
1431121288000 0.0496
1431121677000 0.0585
1431122056000 0.0854
1431122435000 0.0394
1431122824000 0.0458
1431123191000 0.0561
1431123578000 0.0496
1431123964000 0.04
1431124352000 0.0378
1431124736000 0.0356
1431125109000 0.0358
1431125476000 0.0363
1431125843000 0.0358
1431126196000 0.0356
1431126561000 0.0333
1431127284000 0.033
1431129083000 0.0329
1431129450000 0.033
1431129811000 0.0329
1431130178000 0.0331
1431130945000 0.0332
1431131698000 0.0329
1431132081000 0.04
1431132484000 0.0325
1431133582000 0.0324
1431136879000 0.0325
1431138749000 0.0323
1431139111000 0.0324
1431139459000 0.0323
1431142766000 0.0322
1431144508000 0.0323
1431144868000 0.0322
1431145221000 0.0323
1431145586000 0.0322
1431149135000 0.0323
1431149135000 0.0323
1431161479000 0.0322
1431162194000 0.0323
1431162590000 0.0322
1431175746000 0.0321
1431195928000 0.0322
1431199860000 0.0321
1431213854000 0.0322
1431223774000 0.0323
1431224130000 0.0322
1431227844000 0.0321
1431231453000 0.0322
1431234005000 0.0321
1431234367000 0.0322
1431235102000 0.0321
1431235102000 0.0321
1431245786000 0.0322
1431253527000 0.0321
1431296208000 0.0322
1431305882000 0.0321
1431309948000 0.0322
1431314445000 0.0321
1431315900000 0.0322
1431320157000 0.0321
1431320509000 0.0322
1431321998000 0.04
1431322746000 0.0322
1431324267000 0.0323
1431324616000 0.0326
1431324990000 0.0324
