1423531033000 0.0081
1423617594000 0.0081
1423617594000 0.0081
1423704107000 0.0081
1423720559000 0.008
1423720802000 0.0081
1423720802000 0.0081
1423807227000 0.0081
1423807227000 0.0081
1423845484000 0.008
1423845742000 0.0081
1423845742000 0.0081
1423932395000 0.0081
1423932395000 0.0081
1424018812000 0.0081
1424018812000 0.0081
1424105389000 0.0081
1424105389000 0.0081
1424160627000 0.008
1424160879000 0.0081
1424182307000 0.008
1424182568000 0.0081
1424225455000 0.008
1424225731000 0.0081
1424231542000 0.008
1424231817000 0.0081
1424231817000 0.0081
1424318300000 0.0081
1424318300000 0.0081
1424404769000 0.0081
1424404769000 0.0081
1424491391000 0.0081
1424491391000 0.0081
1424578030000 0.0081
1424578030000 0.0081
1424664671000 0.0081
1424664671000 0.0081
1424751286000 0.0081
1424751286000 0.0081
1424837816000 0.0081
1424837816000 0.0081
1424924466000 0.0081
1424924466000 0.0081
1425011054000 0.0081
1425011054000 0.0081
1425097635000 0.0081
1425097635000 0.0081
1425184043000 0.0081
1425184043000 0.0081
1425270488000 0.0081
1425270488000 0.0081
1425357122000 0.0081
1425357122000 0.0081
1425443608000 0.0081
1425443608000 0.0081
1425530174000 0.0081
1425530174000 0.0081
1425616689000 0.0081
1425616689000 0.0081
1425703331000 0.0081
1425703331000 0.0081
1425789767000 0.0081
1425789767000 0.0081
1425876363000 0.0081
1425876363000 0.0081
1425962782000 0.0081
1425962782000 0.0081
1426049194000 0.0081
1426049194000 0.0081
1426135902000 0.0081
1426135902000 0.0081
1426191139000 0.00805
1426200839000 0.0081
1426202730000 0.00805
1426203495000 0.0081
1426205026000 0.00805
1426205411000 0.0081
1426205411000 0.0081
1426292051000 0.0081
1426292051000 0.0081
1426378818000 0.0081
1426378818000 0.0081
1426465403000 0.0081
1426465403000 0.0081
1426552001000 0.0081
1426552001000 0.0081
1426638419000 0.0081
1426638419000 0.0081
1426725255000 0.0081
1426725255000 0.0081
1426811915000 0.0081
1426811915000 0.0081
1426898494000 0.0081
1426898494000 0.0081
1426985064000 0.0081
1426985064000 0.0081
1427071639000 0.0081
1427071639000 0.0081
1427158258000 0.0081
1427158258000 0.0081
1427244906000 0.0081
1427244906000 0.0081
1427331569000 0.0081
1427331569000 0.0081
1427418258000 0.0081
1427418258000 0.0081
1427504831000 0.0081
1427504831000 0.0081
1427591315000 0.0081
1427591315000 0.0081
1427678045000 0.0081
1427678045000 0.0081
1427764668000 0.0081
1427764668000 0.0081
1427851334000 0.0081
1427851334000 0.0081
1427938030000 0.0081
1427938030000 0.0081
1428024519000 0.0081
1428024519000 0.0081
1428111085000 0.0081
1428111085000 0.0081
1428197656000 0.0081
1428197656000 0.0081
1428284222000 0.0081
1428284222000 0.0081
1428370850000 0.0081
1428370850000 0.0081
1428457285000 0.0081
1428457285000 0.0081
1428543932000 0.0081
1428543932000 0.0081
1428630349000 0.0081
1428630349000 0.0081
1428716997000 0.0081
1428716997000 0.0081
1428803425000 0.0081
1428803425000 0.0081
1428890126000 0.0081
1428890126000 0.0081
1428976528000 0.0081
1428976528000 0.0081
1429063006000 0.0081
1429063006000 0.0081
1429149737000 0.0081
1429149737000 0.0081
1429236166000 0.0081
1429236166000 0.0081
1429322805000 0.0081
1429322805000 0.0081
1429409215000 0.0081
1429409215000 0.0081
1429495883000 0.0081
1429495883000 0.0081
1429582594000 0.0081
1429582594000 0.0081
1429669268000 0.0081
1429669268000 0.0081
1429756006000 0.0081
1429756006000 0.0081
1429842698000 0.0081
1429842698000 0.0081
1429929474000 0.0081
1429929474000 0.0081
1430016078000 0.0081
1430016078000 0.0081
1430102554000 0.0081
1430102554000 0.0081
1430189168000 0.0081
1430189168000 0.0081
1430275806000 0.0081
1430275806000 0.0081
1430362310000 0.0081
1430362310000 0.0081
1430448722000 0.0081
1430448722000 0.0081
1430535424000 0.0081
1430535424000 0.0081
1430621892000 0.0081
1430621892000 0.0081
1430708446000 0.0081
1430708446000 0.0081
1430795219000 0.0081
1430795219000 0.0081
1430881709000 0.0081
1430881709000 0.0081
1430968230000 0.0081
1430968230000 0.0081
1431031451000 0.00805
1431031928000 0.0081
1431039518000 0.00805
1431040702000 0.0081
1431040702000 0.0081
1431104482000 0.00805
1431105667000 0.0081
1431105667000 0.0081
1431192091000 0.0081
1431192091000 0.0081
1431278666000 0.0081
