1423529301000 0.452
1423615837000 0.452
1423615837000 0.452
1423651563000 0.008
1423651814000 0.452
1423651814000 0.452
1423738391000 0.452
1423738391000 0.452
1423824906000 0.452
1423824906000 0.452
1423911517000 0.452
1423911517000 0.452
1423998097000 0.452
1423998097000 0.452
1424084580000 0.452
1424126857000 0.008
1424127100000 0.452
1424127100000 0.452
1424213720000 0.452
1424213720000 0.452
1424300316000 0.452
1424300316000 0.452
1424386890000 0.452
1424386890000 0.452
1424473382000 0.452
1424473382000 0.452
1424559843000 0.452
1424559843000 0.452
1424646466000 0.452
1424646466000 0.452
1424732893000 0.452
1424732893000 0.452
1424819492000 0.452
1424819492000 0.452
1424906151000 0.452
1424906151000 0.452
1424992618000 0.452
1424992618000 0.452
1425079081000 0.452
1425079081000 0.452
1425165492000 0.452
1425165492000 0.452
1425252005000 0.452
1425252005000 0.452
1425338621000 0.452
1425338621000 0.452
1425425309000 0.452
1425425309000 0.452
1425511935000 0.452
1425511935000 0.452
1425598571000 0.452
1425598571000 0.452
1425685035000 0.452
1425685035000 0.452
1425771706000 0.452
1425771706000 0.452
1425858311000 0.452
1425771706000 0.452
1425944750000 0.452
1425944750000 0.452
1426031456000 0.452
1426031456000 0.452
1426118044000 0.452
1426118044000 0.452
1426204726000 0.452
1426204726000 0.452
1426291294000 0.452
1426291294000 0.452
1426378055000 0.452
1426378055000 0.452
1426464637000 0.452
1426464637000 0.452
1426551225000 0.452
1426551225000 0.452
1426637701000 0.452
1426637701000 0.452
1426724505000 0.452
1426724505000 0.452
1426811202000 0.452
1426811202000 0.452
1426897822000 0.452
1426897822000 0.452
1426984446000 0.452
1426984446000 0.452
1427071049000 0.452
1427071049000 0.452
1427157698000 0.452
1427157698000 0.452
1427244270000 0.452
1427244270000 0.452
1427330985000 0.452
1427330985000 0.452
1427417659000 0.452
1427417659000 0.452
1427504235000 0.452
1427504235000 0.452
1427590703000 0.452
1427590703000 0.452
1427677450000 0.452
1427677450000 0.452
1427764042000 0.452
1427764042000 0.452
1427850718000 0.452
1427850718000 0.452
1427937408000 0.452
1427937408000 0.452
1428024032000 0.452
1428024032000 0.452
1428110505000 0.452
1428110505000 0.452
1428197143000 0.452
1428197143000 0.452
1428283650000 0.452
1428283650000 0.452
1428370262000 0.452
1428370262000 0.452
1428457016000 0.452
1428457016000 0.452
1428520220000 0.7
1428522747000 0.452
1428523979000 0.7
1428523979000 0.7
1428610708000 0.7
1428610708000 0.7
1428697329000 0.7
1428697329000 0.7
1428783812000 0.7
1428783812000 0.7
1428870259000 0.7
1428870259000 0.7
1428946760000 0.452
1428947161000 0.45
1428987641000 0.452
1428987996000 0.3
1428987996000 0.3
1429074431000 0.3
1429074431000 0.3
1429161071000 0.3
1429161071000 0.3
1429247776000 0.3
1429247776000 0.3
1429334459000 0.3
1429334459000 0.3
1429420897000 0.3
1429420897000 0.3
1429505997000 0.452
1429506344000 0.3
1429506344000 0.3
1429529834000 0.7
1429552546000 0.3
1429552546000 0.3
1429639151000 0.3
1429639151000 0.3
1429704774000 0.7
1429704774000 0.7
1429791420000 0.7
1429810445000 0.3
1429810445000 0.3
1429897140000 0.3
1429897140000 0.3
1429983894000 0.3
1429983894000 0.3
1430070566000 0.3
1430070566000 0.3
1430157047000 0.3
1430157047000 0.3
1430235863000 0.452
1430240980000 0.7
1430241397000 0.3
1430242250000 0.452
1430245195000 0.7
1430246053000 0.3
1430246902000 0.51
1430247309000 0.3
1430247741000 0.7
1430248171000 0.3
1430253563000 0.51
1430255632000 0.7
1430257251000 0.3
1430283632000 0.452
1430284008000 0.3
1430284008000 0.3
1430317182000 0.51
1430317581000 0.7
1430320702000 0.3
1430321491000 0.7
1430322274000 0.3
1430322670000 0.7
1430323459000 0.3
1430328327000 0.7
1430328731000 0.3
1430328731000 0.3
1430415263000 0.3
1430415263000 0.3
1430501866000 0.3
1430501866000 0.3
1430588639000 0.3
1430588639000 0.3
1430672815000 0.2
1430672815000 0.2
1430759239000 0.2
1430759239000 0.2
1430846023000 0.2
1430846023000 0.2
1430932665000 0.2
1430936233000 0.45
1430943749000 0.12
1430943749000 0.12
1431030154000 0.12
1431030154000 0.12
1431116622000 0.12
1431116622000 0.12
1431203029000 0.12
1431203029000 0.12
1431289702000 0.12
1431320437000 0.452
1431320807000 0.12
